336  1
490  1
506  1
710  1
793  1
900  1
901  1
902  1
975  1
977  1
980  1
987  1
995  1
999  1
1001  1
1002  1
1003  1
1004  1
1005  1
1007  1
1011  1
1012  1
122  2
209  2
502  2
587  2
612  2
792  2
793  2
794  2
809  2
814  2
901  2
976  2
977  2
978  2
979  2
982  2
988  2
990  2
994  2
996  2
997  2
1001  2
1004  2
1008  2
132  3
206  3
352  3
492  3
719  3
793  3
852  3
980  3
982  3
987  3
989  3
994  3
996  3
1003  3
1004  3
1005  3
8  4
35  4
316  4
318  4
473  4
494  4
497  4
791  4
905  4
979  4
981  4
982  4
983  4
984  4
990  4
994  4
999  4
1001  4
1002  4
1003  4
1004  4
1008  4
1010  4
7  5
8  5
9  5
49  5
186  5
280  5
497  5
628  5
716  5
982  5
983  5
984  5
985  5
986  5
991  5
993  5
1001  5
1002  5
1003  5
1007  5
1008  5
1009  5
1010  5
8  6
70  6
222  6
237  6
250  6
747  6
983  6
984  6
985  6
986  6
987  6
991  6
994  6
998  6
999  6
1000  6
1001  6
1002  6
1004  6
1006  6
1007  6
1008  6
1009  6
1010  6
1011  6
1013  6
500  7
583  7
986  7
987  7
988  7
989  7
993  7
997  7
998  7
999  7
1002  7
1003  7
1004  7
1006  7
1010  7
1011  7
353  8
499  8
500  8
501  8
974  8
986  8
988  8
989  8
990  8
991  8
995  8
996  8
997  8
998  8
999  8
1000  8
1002  8
1003  8
1004  8
1005  8
1006  8
1007  8
1008  8
1009  8
1010  8
1012  8
139  9
237  9
249  9
318  9
500  9
700  9
774  9
990  9
991  9
992  9
995  9
996  9
1000  9
1001  9
1002  9
1003  9
1004  9
1007  9
1008  9
1009  9
139  10
406  10
428  10
587  10
896  10
977  10
991  10
992  10
993  10
994  10
995  10
997  10
1002  10
1003  10
1004  10
1005  10
1006  10
1008  10
1011  10
136  11
152  11
276  11
292  11
352  11
435  11
603  11
681  11
970  11
976  11
977  11
978  11
984  11
986  11
988  11
994  11
995  11
996  11
997  11
998  11
999  11
1001  11
1004  11
1006  11
1007  11
1008  11
1009  11
1011  11
1012  11
23  12
35  12
255  12
318  12
464  12
504  12
764  12
848  12
918  12
968  12
977  12
984  12
996  12
997  12
998  12
999  12
1001  12
1002  12
1005  12
1006  12
1008  12
1009  12
1010  12
1011  12
26  13
142  13
145  13
171  13
294  13
318  13
352  13
361  13
468  13
993  13
998  13
999  13
1000  13
1003  13
1004  13
1007  13
1008  13
1009  13
179  14
638  14
805  14
980  14
989  14
995  14
1000  14
1001  14
1006  14
1009  14
1011  14
1012  14
99  15
114  15
986  15
987  15
990  15
995  15
1002  15
1003  15
1004  15
1005  15
1008  15
1009  15
1010  15
1011  15
23  16
329  16
621  16
659  16
681  16
710  16
983  16
991  16
995  16
999  16
1004  16
1005  16
1006  16
1008  16
1009  16
1010  16
1012  16
472  17
977  17
989  17
991  17
998  17
999  17
1003  17
1006  17
1009  17
1010  17
103  18
333  18
367  18
582  18
625  18
730  18
740  18
748  18
753  18
989  18
994  18
996  18
997  18
1004  18
1005  18
1007  18
1008  18
1009  18
1010  18
1014  18
182  19
344  19
352  19
426  19
492  19
623  19
739  19
740  19
741  19
983  19
984  19
989  19
995  19
997  19
999  19
1002  19
1003  19
1004  19
1005  19
1007  19
1009  19
1010  19
1012  19
26  20
74  20
154  20
174  20
175  20
176  20
321  20
435  20
740  20
979  20
983  20
985  20
986  20
993  20
995  20
996  20
997  20
998  20
1000  20
1006  20
1011  20
1012  20
1013  20
1014  20
133  21
449  21
492  21
526  21
861  21
984  21
985  21
988  21
991  21
993  21
995  21
998  21
1003  21
1004  21
1007  21
1013  21
1014  21
89  22
155  22
553  22
987  22
990  22
991  22
1000  22
1001  22
1004  22
1005  22
1007  22
1008  22
1010  22
1014  22
23  23
27  23
248  23
563  23
749  23
991  23
993  23
994  23
995  23
1001  23
1002  23
1003  23
1004  23
1005  23
1006  23
1007  23
1008  23
1010  23
1011  23
150  24
161  24
206  24
217  24
711  24
884  24
898  24
985  24
988  24
991  24
996  24
997  24
998  24
999  24
1000  24
1002  24
1004  24
1006  24
1007  24
1008  24
1009  24
1010  24
1011  24
33  25
205  25
206  25
207  25
367  25
373  25
433  25
612  25
644  25
760  25
983  25
985  25
994  25
995  25
997  25
998  25
1000  25
1001  25
1002  25
1003  25
1004  25
1005  25
1007  25
1008  25
1010  25
1011  25
1012  25
1013  25
206  26
562  26
982  26
988  26
991  26
994  26
995  26
996  26
997  26
998  26
999  26
1000  26
1002  26
1006  26
1008  26
1009  26
1010  26
1011  26
372  27
641  27
858  27
966  27
989  27
995  27
996  27
1002  27
1004  27
1005  27
1006  27
1007  27
1008  27
1010  27
1011  27
1012  27
350  28
532  28
562  28
598  28
741  28
878  28
982  28
985  28
989  28
996  28
998  28
999  28
1004  28
1005  28
1006  28
1007  28
1008  28
1010  28
1012  28
347  29
357  29
896  29
981  29
987  29
989  29
990  29
991  29
994  29
995  29
996  29
1001  29
1002  29
1003  29
1008  29
1010  29
1011  29
345  30
408  30
553  30
851  30
983  30
988  30
989  30
990  30
991  30
992  30
993  30
999  30
1001  30
1002  30
1003  30
1004  30
1005  30
1006  30
1007  30
1009  30
1010  30
240  31
262  31
438  31
532  31
612  31
642  31
742  31
919  31
985  31
986  31
988  31
995  31
997  31
999  31
1001  31
1002  31
1005  31
1006  31
1007  31
1009  31
1010  31
1011  31
1012  31
1013  31
432  32
459  32
490  32
526  32
641  32
642  32
643  32
980  32
984  32
987  32
989  32
990  32
991  32
992  32
995  32
999  32
1000  32
1001  32
1002  32
1003  32
1004  32
1005  32
1006  32
1011  32
1012  32
1013  32
111  33
125  33
642  33
983  33
988  33
989  33
994  33
1000  33
1003  33
1005  33
1006  33
1007  33
1008  33
1011  33
1012  33
278  34
306  34
351  34
353  34
354  34
355  34
356  34
357  34
358  34
359  34
360  34
361  34
362  34
363  34
364  34
955  34
972  34
981  34
985  34
998  34
999  34
1001  34
1003  34
1005  34
1006  34
1007  34
1008  34
1009  34
1010  34
1011  34
1012  34
349  35
350  35
351  35
352  35
353  35
354  35
357  35
359  35
361  35
362  35
363  35
364  35
365  35
414  35
425  35
871  35
972  35
978  35
986  35
988  35
990  35
992  35
993  35
995  35
998  35
999  35
1004  35
1006  35
1008  35
1010  35
1011  35
1012  35
337  36
347  36
348  36
349  36
350  36
353  36
354  36
355  36
357  36
358  36
359  36
360  36
362  36
363  36
365  36
366  36
367  36
368  36
442  36
450  36
451  36
459  36
515  36
537  36
638  36
782  36
823  36
972  36
979  36
980  36
986  36
987  36
989  36
994  36
997  36
1000  36
1002  36
1003  36
1005  36
1010  36
1011  36
1013  36
4  37
115  37
159  37
216  37
346  37
347  37
348  37
349  37
352  37
353  37
354  37
355  37
356  37
357  37
358  37
359  37
360  37
362  37
365  37
367  37
368  37
369  37
370  37
459  37
618  37
631  37
723  37
823  37
974  37
980  37
987  37
988  37
990  37
992  37
995  37
997  37
998  37
1007  37
1008  37
1009  37
1010  37
1011  37
344  38
345  38
347  38
348  38
349  38
350  38
352  38
353  38
354  38
355  38
356  38
358  38
359  38
360  38
361  38
365  38
367  38
369  38
370  38
371  38
459  38
597  38
823  38
974  38
993  38
994  38
997  38
998  38
1001  38
1003  38
1004  38
1005  38
1007  38
1008  38
1009  38
1010  38
1012  38
1013  38
343  39
344  39
346  39
347  39
348  39
349  39
350  39
351  39
352  39
353  39
354  39
355  39
356  39
357  39
358  39
359  39
360  39
361  39
365  39
366  39
368  39
371  39
372  39
483  39
517  39
561  39
618  39
800  39
827  39
958  39
959  39
973  39
984  39
992  39
995  39
997  39
999  39
1001  39
1004  39
1005  39
1007  39
1009  39
1010  39
1011  39
1012  39
90  40
342  40
343  40
344  40
345  40
346  40
347  40
348  40
349  40
350  40
351  40
352  40
353  40
354  40
355  40
357  40
359  40
360  40
361  40
362  40
363  40
364  40
366  40
367  40
368  40
369  40
372  40
373  40
729  40
734  40
956  40
957  40
974  40
979  40
984  40
988  40
990  40
992  40
993  40
996  40
997  40
999  40
1000  40
1001  40
1003  40
1005  40
1010  40
1011  40
209  41
318  41
341  41
342  41
343  41
345  41
346  41
347  41
349  41
350  41
351  41
352  41
353  41
354  41
355  41
356  41
357  41
359  41
360  41
362  41
363  41
364  41
365  41
366  41
367  41
369  41
370  41
371  41
372  41
374  41
511  41
603  41
819  41
956  41
958  41
959  41
975  41
982  41
988  41
993  41
996  41
999  41
1001  41
1002  41
1004  41
1006  41
1007  41
1010  41
1011  41
248  42
317  42
318  42
319  42
341  42
342  42
343  42
345  42
346  42
347  42
349  42
350  42
351  42
352  42
353  42
354  42
355  42
356  42
357  42
358  42
359  42
360  42
362  42
363  42
364  42
365  42
366  42
367  42
368  42
369  42
370  42
374  42
375  42
395  42
445  42
620  42
956  42
957  42
958  42
959  42
974  42
975  42
980  42
990  42
991  42
997  42
1002  42
1003  42
1006  42
1007  42
1008  42
1009  42
1010  42
1011  42
246  43
318  43
333  43
340  43
341  43
343  43
345  43
346  43
347  43
348  43
349  43
350  43
353  43
354  43
355  43
356  43
357  43
358  43
359  43
360  43
361  43
364  43
366  43
369  43
370  43
375  43
376  43
455  43
574  43
912  43
955  43
957  43
958  43
960  43
961  43
975  43
982  43
986  43
991  43
995  43
999  43
1003  43
1004  43
1005  43
1007  43
1008  43
1010  43
1011  43
25  44
36  44
44  44
45  44
221  44
222  44
303  44
339  44
340  44
341  44
342  44
343  44
344  44
345  44
346  44
347  44
349  44
350  44
351  44
352  44
353  44
354  44
355  44
356  44
357  44
358  44
359  44
360  44
362  44
363  44
364  44
365  44
366  44
367  44
368  44
369  44
371  44
373  44
374  44
376  44
447  44
473  44
685  44
944  44
956  44
957  44
975  44
976  44
986  44
989  44
995  44
996  44
997  44
998  44
999  44
1003  44
1007  44
1008  44
1009  44
1010  44
24  45
43  45
44  45
45  45
46  45
257  45
328  45
339  45
340  45
341  45
342  45
343  45
344  45
345  45
346  45
347  45
348  45
349  45
350  45
351  45
352  45
353  45
354  45
355  45
356  45
357  45
358  45
359  45
360  45
361  45
362  45
363  45
364  45
365  45
366  45
367  45
368  45
369  45
372  45
373  45
374  45
375  45
376  45
874  45
975  45
976  45
985  45
988  45
990  45
991  45
995  45
998  45
1000  45
1001  45
1004  45
1005  45
1006  45
1007  45
1008  45
1009  45
1010  45
2  46
23  46
25  46
44  46
45  46
46  46
61  46
186  46
282  46
338  46
339  46
340  46
341  46
342  46
343  46
344  46
345  46
346  46
347  46
348  46
350  46
351  46
352  46
353  46
354  46
355  46
356  46
357  46
359  46
360  46
361  46
363  46
365  46
366  46
368  46
369  46
370  46
374  46
375  46
377  46
525  46
582  46
683  46
766  46
824  46
976  46
996  46
997  46
998  46
999  46
1004  46
1005  46
1006  46
1007  46
1008  46
1011  46
24  47
238  47
338  47
340  47
341  47
343  47
344  47
345  47
346  47
347  47
348  47
349  47
350  47
351  47
353  47
354  47
355  47
356  47
357  47
358  47
359  47
360  47
362  47
363  47
365  47
367  47
368  47
369  47
372  47
373  47
375  47
376  47
520  47
960  47
961  47
962  47
975  47
976  47
982  47
985  47
990  47
994  47
995  47
998  47
999  47
1000  47
1003  47
1004  47
1005  47
1006  47
1007  47
276  48
338  48
339  48
340  48
341  48
342  48
343  48
344  48
346  48
347  48
349  48
350  48
351  48
352  48
353  48
354  48
356  48
357  48
358  48
359  48
360  48
361  48
362  48
363  48
364  48
366  48
370  48
374  48
376  48
377  48
378  48
484  48
541  48
618  48
631  48
695  48
702  48
745  48
960  48
963  48
964  48
975  48
976  48
991  48
996  48
998  48
1000  48
1002  48
1003  48
1005  48
1006  48
1007  48
1008  48
1009  48
145  49
257  49
337  49
338  49
339  49
340  49
341  49
342  49
344  49
345  49
346  49
347  49
348  49
349  49
350  49
351  49
352  49
354  49
355  49
359  49
360  49
361  49
363  49
364  49
365  49
366  49
368  49
370  49
371  49
372  49
373  49
374  49
376  49
377  49
378  49
478  49
495  49
557  49
651  49
693  49
745  49
960  49
961  49
964  49
965  49
975  49
976  49
998  49
999  49
1000  49
1001  49
1002  49
1003  49
1004  49
1007  49
1010  49
38  50
337  50
338  50
339  50
340  50
341  50
342  50
343  50
344  50
345  50
346  50
348  50
349  50
351  50
352  50
353  50
354  50
355  50
357  50
358  50
360  50
361  50
362  50
363  50
364  50
365  50
367  50
368  50
369  50
371  50
372  50
373  50
374  50
376  50
377  50
378  50
379  50
383  50
847  50
960  50
961  50
962  50
964  50
986  50
991  50
993  50
998  50
1002  50
1003  50
1004  50
1005  50
1006  50
1008  50
37  51
38  51
39  51
49  51
50  51
222  51
336  51
337  51
338  51
339  51
340  51
341  51
343  51
344  51
345  51
346  51
347  51
349  51
351  51
353  51
354  51
355  51
356  51
359  51
365  51
366  51
367  51
368  51
369  51
371  51
373  51
375  51
376  51
377  51
378  51
379  51
577  51
923  51
963  51
974  51
975  51
984  51
985  51
990  51
995  51
997  51
1000  51
1001  51
1003  51
1006  51
38  52
109  52
237  52
337  52
338  52
339  52
340  52
341  52
342  52
343  52
344  52
345  52
346  52
347  52
348  52
349  52
350  52
353  52
354  52
357  52
358  52
359  52
361  52
363  52
365  52
366  52
369  52
371  52
374  52
375  52
376  52
377  52
378  52
379  52
420  52
480  52
515  52
617  52
678  52
812  52
912  52
974  52
989  52
996  52
1000  52
1001  52
1004  52
1006  52
274  53
337  53
338  53
340  53
341  53
342  53
343  53
344  53
346  53
348  53
349  53
351  53
352  53
353  53
354  53
357  53
358  53
359  53
362  53
365  53
367  53
368  53
370  53
373  53
374  53
375  53
376  53
377  53
378  53
379  53
381  53
457  53
484  53
548  53
975  53
993  53
994  53
999  53
1001  53
1003  53
37  54
38  54
290  54
337  54
338  54
339  54
340  54
342  54
343  54
344  54
345  54
346  54
349  54
350  54
351  54
354  54
356  54
357  54
358  54
359  54
361  54
365  54
366  54
368  54
369  54
370  54
371  54
372  54
373  54
375  54
376  54
378  54
379  54
576  54
719  54
745  54
986  54
987  54
988  54
992  54
995  54
996  54
998  54
999  54
1000  54
1001  54
1003  54
1005  54
1006  54
38  55
276  55
337  55
338  55
339  55
340  55
341  55
342  55
343  55
344  55
345  55
347  55
349  55
351  55
353  55
354  55
355  55
356  55
357  55
359  55
360  55
361  55
362  55
363  55
365  55
369  55
372  55
373  55
374  55
375  55
377  55
378  55
379  55
476  55
607  55
742  55
926  55
974  55
984  55
985  55
988  55
991  55
995  55
996  55
1001  55
1003  55
1012  55
39  56
337  56
338  56
339  56
340  56
341  56
343  56
345  56
346  56
347  56
349  56
350  56
352  56
353  56
356  56
357  56
358  56
359  56
361  56
363  56
366  56
367  56
368  56
369  56
370  56
371  56
372  56
373  56
374  56
375  56
376  56
377  56
378  56
379  56
972  56
990  56
991  56
992  56
994  56
997  56
998  56
999  56
1001  56
1005  56
246  57
276  57
277  57
337  57
338  57
339  57
340  57
341  57
342  57
343  57
344  57
345  57
347  57
348  57
349  57
350  57
351  57
352  57
354  57
356  57
357  57
358  57
359  57
360  57
361  57
363  57
364  57
366  57
367  57
368  57
369  57
371  57
373  57
374  57
375  57
376  57
378  57
379  57
551  57
617  57
671  57
850  57
971  57
972  57
985  57
992  57
993  57
999  57
1001  57
25  58
134  58
137  58
277  58
286  58
337  58
338  58
339  58
341  58
342  58
343  58
344  58
345  58
348  58
349  58
350  58
351  58
352  58
353  58
356  58
357  58
358  58
361  58
364  58
365  58
366  58
367  58
372  58
375  58
378  58
379  58
432  58
660  58
686  58
842  58
970  58
971  58
982  58
994  58
997  58
999  58
1000  58
1001  58
22  59
23  59
24  59
116  59
221  59
222  59
223  59
337  59
338  59
339  59
340  59
341  59
342  59
343  59
345  59
346  59
347  59
348  59
350  59
351  59
352  59
353  59
355  59
356  59
357  59
359  59
360  59
361  59
363  59
365  59
367  59
368  59
369  59
371  59
375  59
376  59
377  59
378  59
379  59
644  59
758  59
969  59
996  59
1000  59
117  60
246  60
337  60
338  60
340  60
341  60
342  60
343  60
345  60
348  60
349  60
350  60
351  60
353  60
354  60
357  60
359  60
362  60
363  60
365  60
366  60
369  60
370  60
372  60
373  60
376  60
377  60
378  60
379  60
511  60
569  60
607  60
719  60
880  60
957  60
966  60
968  60
989  60
991  60
994  60
995  60
996  60
998  60
1003  60
22  61
23  61
129  61
190  61
337  61
338  61
339  61
341  61
342  61
343  61
344  61
347  61
348  61
349  61
350  61
352  61
353  61
354  61
355  61
356  61
357  61
358  61
359  61
360  61
361  61
363  61
365  61
368  61
370  61
371  61
373  61
374  61
376  61
378  61
516  61
696  61
698  61
702  61
720  61
964  61
965  61
989  61
993  61
994  61
995  61
999  61
23  62
24  62
65  62
154  62
215  62
330  62
338  62
339  62
341  62
342  62
343  62
344  62
345  62
346  62
347  62
348  62
349  62
350  62
353  62
355  62
356  62
357  62
359  62
360  62
361  62
363  62
367  62
371  62
372  62
375  62
376  62
377  62
378  62
420  62
448  62
476  62
678  62
953  62
955  62
959  62
992  62
995  62
996  62
999  62
1000  62
46  63
47  63
73  63
117  63
252  63
302  63
338  63
340  63
342  63
343  63
344  63
345  63
346  63
347  63
348  63
349  63
350  63
351  63
354  63
355  63
356  63
357  63
358  63
359  63
363  63
364  63
365  63
366  63
368  63
369  63
370  63
371  63
372  63
374  63
375  63
377  63
378  63
525  63
815  63
982  63
985  63
987  63
990  63
991  63
992  63
993  63
998  63
1001  63
47  64
84  64
202  64
339  64
340  64
342  64
343  64
344  64
345  64
347  64
348  64
349  64
351  64
354  64
356  64
357  64
358  64
361  64
365  64
366  64
369  64
370  64
372  64
373  64
375  64
377  64
441  64
473  64
512  64
524  64
525  64
526  64
989  64
992  64
993  64
994  64
996  64
999  64
37  65
38  65
39  65
222  65
296  65
339  65
340  65
341  65
342  65
343  65
344  65
347  65
348  65
349  65
350  65
351  65
352  65
353  65
357  65
358  65
359  65
363  65
364  65
367  65
370  65
371  65
372  65
376  65
377  65
490  65
525  65
598  65
695  65
991  65
993  65
994  65
998  65
999  65
36  66
37  66
38  66
45  66
46  66
166  66
239  66
340  66
341  66
342  66
343  66
346  66
348  66
351  66
354  66
355  66
356  66
357  66
358  66
359  66
362  66
363  66
364  66
365  66
366  66
367  66
368  66
371  66
372  66
374  66
375  66
376  66
390  66
709  66
729  66
731  66
805  66
952  66
986  66
993  66
994  66
999  66
1002  66
21  67
37  67
38  67
46  67
218  67
340  67
341  67
342  67
343  67
344  67
345  67
347  67
348  67
349  67
350  67
351  67
353  67
355  67
357  67
360  67
361  67
365  67
366  67
369  67
370  67
372  67
373  67
375  67
376  67
731  67
955  67
982  67
983  67
990  67
994  67
996  67
997  67
37  68
38  68
39  68
341  68
342  68
343  68
344  68
346  68
347  68
349  68
350  68
352  68
354  68
355  68
356  68
357  68
359  68
362  68
368  68
371  68
372  68
374  68
375  68
428  68
524  68
953  68
975  68
981  68
984  68
989  68
996  68
999  68
37  69
318  69
342  69
343  69
344  69
345  69
346  69
348  69
349  69
351  69
354  69
355  69
360  69
363  69
365  69
366  69
367  69
371  69
372  69
373  69
374  69
628  69
807  69
886  69
955  69
991  69
993  69
995  69
1001  69
39  70
40  70
133  70
203  70
327  70
343  70
344  70
345  70
346  70
347  70
349  70
351  70
354  70
355  70
357  70
358  70
359  70
360  70
361  70
364  70
365  70
366  70
367  70
368  70
369  70
371  70
372  70
373  70
496  70
502  70
688  70
720  70
840  70
894  70
932  70
955  70
987  70
997  70
39  71
41  71
151  71
206  71
223  71
344  71
345  71
348  71
349  71
351  71
356  71
358  71
359  71
360  71
362  71
365  71
366  71
369  71
370  71
371  71
372  71
435  71
495  71
496  71
497  71
724  71
827  71
985  71
988  71
39  72
40  72
145  72
345  72
346  72
347  72
348  72
349  72
350  72
351  72
352  72
354  72
355  72
357  72
360  72
362  72
366  72
367  72
369  72
370  72
371  72
496  72
538  72
613  72
894  72
930  72
956  72
957  72
975  72
984  72
985  72
1011  72
2  73
112  73
158  73
202  73
346  73
347  73
348  73
349  73
351  73
356  73
359  73
363  73
364  73
366  73
368  73
369  73
407  73
424  73
445  73
486  73
524  73
525  73
562  73
668  73
854  73
957  73
974  73
986  73
989  73
41  74
282  74
347  74
348  74
349  74
350  74
354  74
357  74
358  74
360  74
362  74
364  74
366  74
367  74
368  74
420  74
532  74
865  74
961  74
990  74
992  74
278  75
333  75
350  75
351  75
352  75
353  75
355  75
361  75
362  75
363  75
364  75
365  75
366  75
410  75
653  75
719  75
816  75
864  75
865  75
866  75
930  75
958  75
1009  75
33  76
35  76
145  76
242  76
324  76
352  76
353  76
354  76
355  76
356  76
357  76
358  76
359  76
360  76
361  76
362  76
363  76
379  76
427  76
517  76
774  76
832  76
833  76
834  76
862  76
865  76
925  76
935  76
959  76
962  76
981  76
37  77
455  77
556  77
719  77
885  77
891  77
958  77
960  77
964  77
428  78
483  78
885  78
160  79
350  79
423  79
473  79
502  79
534  79
686  79
697  79
736  79
33  80
501  80
502  80
503  80
571  80
970  80
21  81
32  81
33  81
34  81
274  81
502  81
644  81
791  81
962  81
995  81
33  82
110  82
160  82
534  82
644  82
953  82
968  82
994  82
995  82
996  82
308  83
441  83
459  83
644  83
995  83
40  84
341  84
508  84
630  84
692  84
970  84
356  85
418  85
437  85
534  85
682  85
701  85
965  85
75  86
160  86
208  86
224  86
225  86
359  86
390  86
419  86
546  86
654  86
655  86
773  86
965  86
979  86
137  87
173  87
207  87
208  87
209  87
442  87
540  87
653  87
654  87
966  87
208  88
210  88
234  88
353  88
390  88
779  88
819  88
917  88
932  88
967  88
373  89
523  89
623  89
738  89
808  89
809  89
886  89
968  89
369  90
410  90
562  90
563  90
595  90
906  90
82  91
86  91
305  91
439  91
484  91
676  91
807  91
835  91
969  91
970  91
81  92
131  92
288  92
319  92
962  92
76  93
119  93
302  93
391  93
564  93
736  93
782  93
920  93
89  94
255  94
725  94
775  94
783  94
812  94
875  94
979  94
49  95
256  95
897  95
943  95
48  96
49  96
50  96
5  97
49  97
148  97
219  97
258  97
276  97
465  97
644  97
155  98
262  98
464  98
465  98
466  98
759  98
903  98
33  99
243  99
271  99
465  99
578  99
754  99
899  99
968  99
458  100
594  100
968  100
331  101
621  101
243  102
252  102
297  102
351  102
366  102
404  102
484  102
576  102
599  102
991  102
102  103
194  103
279  103
351  103
494  103
534  103
893  103
981  103
48  104
101  104
102  104
103  104
838  104
884  104
72  105
102  105
106  105
206  105
238  105
381  105
802  105
205  106
206  106
207  106
278  106
279  106
280  106
350  106
874  106
946  106
949  106
954  106
158  107
206  107
279  107
579  107
791  107
948  107
949  107
950  107
249  108
489  108
766  108
809  108
949  108
986  108
37  109
137  109
159  109
226  109
370  109
372  109
642  109
813  109
136  110
137  110
138  110
306  110
350  110
416  110
472  110
823  110
846  110
944  110
6  111
137  111
173  111
350  111
472  111
521  111
578  111
588  111
644  111
730  111
951  111
48  112
125  112
132  112
172  112
579  112
736  112
939  112
244  113
309  113
375  113
642  113
854  113
272  114
353  114
437  114
554  114
267  115
431  115
561  115
706  115
938  115
243  116
294  116
430  116
431  116
432  116
459  116
527  116
644  116
834  116
971  116
431  117
456  117
495  117
547  117
579  117
609  117
804  117
144  118
279  118
481  118
500  118
501  118
502  118
655  118
152  119
397  119
553  119
749  119
890  119
941  119
186  120
279  120
367  120
910  120
951  120
182  121
327  121
784  121
883  121
24  122
187  122
257  122
294  122
418  122
662  122
681  122
954  122
120  123
158  123
184  123
185  123
246  123
256  123
257  123
258  123
937  123
183  124
184  124
185  124
257  124
409  124
463  124
719  124
184  125
189  125
351  125
364  125
367  125
410  125
525  125
622  125
748  125
899  125
22  126
130  126
249  126
615  126
651  126
685  126
934  126
118  127
147  127
269  127
460  127
632  127
685  127
979  127
980  127
83  128
145  128
221  128
268  128
269  128
270  128
313  128
483  128
505  128
82  129
83  129
84  129
87  129
149  129
150  129
269  129
294  129
367  129
467  129
681  129
764  129
863  129
937  129
83  130
294  130
392  130
497  130
982  130
990  130
333  131
529  131
936  131
4  132
32  132
126  132
193  132
255  132
464  132
477  132
492  132
574  132
586  132
621  132
680  132
103  133
123  133
339  133
394  133
403  133
514  133
552  133
648  133
844  133
75  134
189  134
964  134
296  135
372  135
413  135
497  135
594  135
786  135
871  135
238  136
254  136
279  136
640  136
885  136
303  137
344  137
578  137
598  137
755  137
811  137
946  137
971  137
88  138
210  138
268  138
396  138
901  138
930  138
2  139
88  139
152  139
235  139
391  139
395  139
739  139
884  139
934  139
81  140
247  140
357  140
497  140
152  141
296  141
377  141
696  141
785  141
932  141
982  141
198  142
240  142
353  142
575  142
586  142
594  142
913  142
928  142
70  143
192  143
224  143
306  143
311  143
322  143
412  143
424  143
267  144
315  144
453  144
458  144
580  144
655  144
758  144
851  144
929  144
932  144
126  145
240  145
341  145
586  145
656  145
686  145
687  145
720  145
747  145
766  145
931  145
121  146
331  146
352  146
477  146
556  146
656  146
739  146
929  146
177  147
357  147
358  147
552  147
650  147
753  147
783  147
872  147
153  148
379  148
430  148
431  148
432  148
433  148
497  148
752  148
854  148
929  148
1006  148
83  149
279  149
307  149
477  149
494  149
552  149
630  149
849  149
162  150
299  150
577  150
641  150
848  150
849  150
850  150
396  151
673  151
699  151
985  151
992  151
166  152
447  152
501  152
540  152
547  152
679  152
709  152
727  152
783  152
895  152
928  152
931  152
32  153
263  153
478  153
578  153
713  153
720  153
794  153
840  153
866  153
928  153
931  153
82  154
164  154
277  154
374  154
498  154
536  154
594  154
726  154
251  155
276  155
286  155
642  155
745  155
931  155
933  155
1007  155
141  156
171  156
255  156
276  156
601  156
825  156
966  156
1000  156
1007  156
25  157
383  157
397  157
599  157
699  157
809  157
929  157
930  157
931  157
136  158
302  158
726  158
925  158
48  159
192  159
300  159
458  159
487  159
527  159
537  159
542  159
700  159
818  159
834  159
110  160
247  160
458  160
479  160
925  160
929  160
154  161
353  161
457  161
515  161
569  161
599  161
600  161
618  161
655  161
858  161
25  162
62  162
311  162
315  162
322  162
457  162
497  162
608  162
739  162
886  162
932  162
993  162
61  163
62  163
63  163
76  163
242  163
260  163
310  163
311  163
312  163
368  163
481  163
501  163
732  163
738  163
739  163
740  163
927  163
49  164
62  164
63  164
83  164
256  164
309  164
311  164
604  164
739  164
806  164
427  165
492  165
497  165
718  165
924  165
928  165
32  166
74  166
443  166
564  166
717  166
718  166
719  166
842  166
852  166
925  166
72  167
369  167
471  167
535  167
548  167
673  167
718  167
926  167
43  168
161  168
186  168
306  168
457  168
529  168
743  168
154  169
297  169
344  169
367  169
457  169
500  169
644  169
748  169
843  169
886  169
925  169
57  170
289  170
458  170
642  170
698  170
924  170
195  171
224  171
509  171
726  171
781  171
140  172
177  172
243  172
31  173
321  173
355  173
394  173
435  173
443  173
535  173
565  173
581  173
591  173
718  173
748  173
776  173
879  173
913  173
30  174
31  174
32  174
184  174
226  174
442  174
443  174
444  174
656  174
671  174
728  174
796  174
928  174
31  175
443  175
565  175
646  175
927  175
928  175
929  175
56  176
58  176
494  176
636  176
927  176
928  176
930  176
87  177
170  177
598  177
615  177
635  177
636  177
637  177
796  177
914  177
922  177
200  178
636  178
655  178
770  178
807  178
900  178
913  178
915  178
916  178
925  178
985  178
38  179
76  179
108  179
156  179
209  179
306  179
730  179
906  179
907  179
908  179
914  179
915  179
916  179
917  179
925  179
926  179
927  179
1003  179
111  180
156  180
654  180
656  180
730  180
797  180
826  180
916  180
948  180
73  181
113  181
230  181
232  181
336  181
499  181
729  181
730  181
731  181
758  181
921  181
937  181
211  182
353  182
584  182
594  182
595  182
596  182
709  182
730  182
826  182
79  183
454  183
455  183
495  183
723  183
806  183
922  183
105  184
173  184
499  184
925  184
926  184
63  185
497  185
510  185
923  185
925  185
926  185
206  186
276  186
277  186
496  186
497  186
498  186
762  186
818  186
972  186
390  187
497  187
952  187
15  188
170  188
456  188
647  188
867  188
922  188
979  188
155  189
321  189
342  189
618  189
635  189
707  189
826  189
873  189
258  190
459  190
539  190
578  190
579  190
753  190
803  190
901  190
925  190
232  191
243  191
294  191
318  191
328  191
409  191
434  191
497  191
556  191
826  191
924  191
988  191
68  192
76  192
169  192
288  192
294  192
436  192
881  192
899  192
988  192
989  192
991  192
19  193
20  193
94  193
165  193
166  193
238  193
293  193
294  193
295  193
349  193
501  193
517  193
565  193
836  193
906  193
958  193
993  193
997  193
67  194
122  194
294  194
901  194
925  194
997  194
1005  194
16  195
62  195
324  195
325  195
206  196
295  196
452  196
472  196
721  196
956  196
1004  196
55  197
242  197
358  197
656  197
847  197
999  197
169  198
294  198
306  198
605  198
783  198
949  198
271  199
273  199
483  199
585  199
659  199
817  199
843  199
868  199
242  200
277  200
295  200
428  200
558  200
718  200
836  200
927  200
225  201
250  201
270  201
484  201
489  201
565  201
35  202
155  202
334  202
345  202
482  202
725  202
756  202
856  202
312  203
321  203
387  203
511  203
765  203
899  203
924  203
928  203
92  204
158  204
221  204
391  204
646  204
840  204
899  204
930  204
153  205
252  205
294  205
699  205
927  205
17  206
166  206
369  206
787  206
924  206
25  207
81  207
108  207
185  207
511  207
576  207
925  207
241  208
404  208
784  208
928  208
958  208
968  208
22  209
114  209
221  209
225  209
285  209
426  209
861  209
35  210
166  210
267  210
291  210
385  210
610  210
620  210
629  210
927  210
929  210
961  210
924  211
252  212
410  212
925  212
926  212
84  213
357  213
379  213
409  213
410  213
411  213
555  213
833  213
949  213
958  213
83  214
84  214
85  214
378  214
379  214
380  214
408  214
410  214
556  214
589  214
642  214
878  214
908  214
30  215
84  215
169  215
377  215
379  215
830  215
844  215
170  216
325  216
180  217
339  217
363  217
576  217
926  217
190  218
290  218
306  218
331  218
441  218
631  218
819  218
80  219
174  219
341  219
357  219
443  219
595  219
609  219
839  219
926  219
931  219
932  219
943  219
202  220
252  220
282  220
390  220
668  220
929  220
1008  220
5  221
66  221
319  221
926  221
934  221
363  222
377  222
423  222
790  222
113  223
192  223
199  223
258  223
357  223
420  223
457  223
563  223
898  223
24  224
25  224
240  224
291  224
641  224
694  224
792  224
928  224
263  225
359  225
420  225
812  225
823  225
873  225
914  225
918  225
930  225
84  226
172  226
207  226
424  226
736  226
291  227
325  227
359  227
457  227
651  227
928  227
932  227
363  228
377  228
493  228
733  228
261  229
438  229
489  229
572  229
808  229
899  229
915  229
928  229
935  229
1007  229
125  230
318  230
351  230
390  230
490  230
697  230
824  230
897  230
940  230
950  230
18  231
244  231
401  231
452  231
471  231
532  231
48  232
69  232
434  232
566  232
814  232
13  233
151  233
433  233
434  233
435  233
464  233
191  234
237  234
363  234
434  234
479  234
698  234
57  235
258  235
280  235
543  235
544  235
545  235
795  235
815  235
935  235
938  235
940  235
944  235
956  235
351  236
420  236
681  236
840  236
856  236
941  236
991  236
184  237
373  237
624  237
723  237
753  237
785  237
822  237
902  237
64  238
77  238
213  238
530  238
531  238
538  238
574  238
584  238
619  238
665  238
697  238
875  238
902  238
994  238
14  239
205  239
378  239
444  239
574  239
937  239
939  239
27  240
42  240
424  240
652  240
744  240
777  240
874  240
903  240
936  240
962  240
106  241
248  241
306  241
513  241
562  241
670  241
690  241
744  241
813  241
941  241
942  241
7  242
253  242
851  242
858  242
938  242
998  242
190  243
271  243
315  243
332  243
347  243
531  243
687  243
697  243
753  243
938  243
82  244
202  244
879  244
936  244
467  245
477  245
662  245
936  245
937  245
942  245
987  245
375  246
422  246
676  246
718  246
752  246
901  246
936  246
112  247
242  247
256  247
441  247
542  247
760  247
780  247
835  247
295  248
395  248
658  248
799  248
834  248
835  248
836  248
186  249
395  249
430  249
486  249
565  249
835  249
850  249
898  249
1002  249
1003  249
1004  249
194  250
370  250
416  250
562  250
604  250
647  250
851  250
883  250
937  250
212  251
275  251
347  251
382  251
643  251
37  252
104  252
140  252
310  252
331  252
340  252
430  252
446  252
458  252
507  252
559  252
940  252
941  252
421  253
422  253
423  253
619  253
664  253
723  253
943  253
238  254
294  254
594  254
752  254
758  254
142  255
211  255
353  255
490  255
507  255
727  255
767  255
885  255
943  255
72  256
79  256
106  256
121  256
173  256
177  256
186  256
308  256
613  256
894  256
938  256
939  256
958  256
993  256
139  257
186  257
319  257
739  257
774  257
938  257
118  258
303  258
308  258
544  258
560  258
638  258
940  258
941  258
975  258
976  258
4  259
59  259
329  259
570  259
720  259
728  259
370  260
407  260
678  260
705  260
730  260
736  260
939  260
319  261
332  261
998  261
48  262
195  262
308  262
490  262
604  262
713  262
941  262
942  262
160  263
232  263
408  263
534  263
535  263
536  263
946  263
190  264
358  264
495  264
501  264
944  264
166  265
260  265
282  265
321  265
367  265
396  265
555  265
681  265
745  265
748  265
870  265
943  265
47  266
102  266
379  266
592  266
618  266
701  266
715  266
948  266
949  266
34  267
213  267
248  267
587  267
617  267
618  267
619  267
663  267
685  267
94  268
105  268
294  268
303  268
556  268
618  268
619  268
912  268
943  268
217  269
289  269
386  269
556  269
578  269
632  269
655  269
705  269
913  269
946  269
996  269
308  270
370  270
589  270
615  270
717  270
946  270
974  270
980  270
106  271
674  271
702  271
716  271
717  271
718  271
937  271
120  272
125  272
161  272
235  272
262  272
377  272
717  272
896  272
941  272
950  272
40  273
108  273
203  273
578  273
587  273
594  273
257  274
294  274
446  274
473  274
594  274
602  274
92  275
308  275
377  275
408  275
543  275
65  276
99  276
317  276
355  276
387  276
651  276
727  276
387  277
590  277
628  277
683  277
774  277
340  278
426  278
488  278
499  278
737  278
803  278
806  278
845  278
164  279
273  279
414  279
430  279
510  279
551  279
801  279
127  280
331  280
393  280
399  280
594  280
641  280
667  280
915  280
945  280
947  280
957  280
165  281
251  281
594  281
595  281
685  281
764  281
956  281
957  281
958  281
136  282
162  282
257  282
336  282
340  282
370  282
650  282
654  282
814  282
850  282
868  282
908  282
917  282
957  282
970  282
344  283
380  283
494  283
653  283
654  283
655  283
117  284
246  284
285  284
368  284
488  284
499  284
639  284
654  284
907  284
944  284
972  284
973  284
116  285
151  285
169  285
294  285
375  285
414  285
594  285
142  286
332  286
766  286
255  287
395  287
396  287
397  287
482  287
582  287
647  287
753  287
938  287
939  287
210  288
232  288
264  288
311  288
396  288
637  288
658  288
737  288
937  288
938  288
939  288
940  288
945  288
980  288
165  289
166  289
167  289
494  289
631  289
654  289
708  289
938  289
939  289
956  289
28  290
33  290
266  290
327  290
402  290
407  290
493  290
531  290
641  290
707  290
786  290
890  290
11  291
78  291
100  291
125  291
241  291
266  291
306  291
414  291
594  291
631  291
764  291
776  291
8  292
40  292
240  292
241  292
242  292
274  292
332  292
360  292
535  292
654  292
7  293
184  293
241  293
332  293
359  293
599  293
704  293
976  293
152  294
241  294
261  294
344  294
363  294
401  294
436  294
455  294
582  294
600  294
781  294
970  294
30  295
125  295
248  295
410  295
518  295
550  295
572  295
582  295
769  295
876  295
880  295
150  296
173  296
768  296
769  296
770  296
76  297
86  297
344  297
415  297
473  297
537  297
575  297
612  297
721  297
769  297
915  297
961  297
224  298
266  298
295  298
441  298
457  298
829  298
10  299
106  299
172  299
227  299
684  299
706  299
804  299
827  299
914  299
141  300
373  300
590  300
593  300
915  300
120  301
173  301
269  301
376  301
395  301
647  301
655  301
887  301
961  301
1004  301
53  302
108  302
611  302
690  302
721  302
733  302
847  302
890  302
949  302
976  302
119  303
200  303
220  303
224  303
300  303
401  303
407  303
621  303
647  303
655  303
43  304
46  304
79  304
358  304
362  304
819  304
234  305
372  305
443  305
458  305
609  305
679  305
788  305
25  306
95  306
334  306
437  306
894  306
357  307
808  307
884  307
363  308
373  308
443  308
602  308
635  308
788  308
962  308
56  309
84  309
598  309
245  310
261  310
587  310
591  310
890  310
903  310
100  311
430  311
646  311
711  311
915  311
957  311
972  311
309  312
515  312
598  312
639  312
818  312
137  313
142  313
159  313
198  313
343  313
443  313
493  313
590  313
908  313
73  314
158  314
305  314
498  314
594  314
785  314
847  314
873  314
934  314
273  315
512  315
680  315
715  315
880  315
71  316
85  316
158  316
280  316
491  316
515  316
653  316
681  316
781  316
788  316
843  316
847  316
972  316
196  317
365  317
455  317
590  317
635  317
713  317
783  317
53  318
58  318
149  318
220  318
247  318
337  318
494  318
565  318
637  318
684  318
19  319
25  319
114  319
204  319
289  319
435  319
578  319
594  319
761  319
772  319
837  319
892  319
303  320
331  320
492  320
536  320
690  320
738  320
826  320
847  320
192  321
388  321
600  321
660  321
700  321
22  322
236  322
393  322
491  322
506  322
507  322
590  322
654  322
814  322
952  322
10  323
45  323
84  323
234  323
273  323
377  323
623  323
723  323
907  323
110  324
208  324
242  324
447  324
463  324
634  324
853  324
915  324
25  325
128  325
374  325
377  325
686  325
810  325
830  325
7  326
146  326
240  326
685  326
813  326
26  327
37  327
63  327
330  327
590  327
851  327
19  328
62  328
104  328
313  328
491  328
571  328
590  328
622  328
58  329
277  329
305  329
686  329
972  329
4  330
234  330
268  330
331  330
386  330
570  330
654  330
715  330
963  330
236  331
797  331
798  331
961  331
3  332
95  332
242  332
261  332
295  332
547  332
704  332
708  332
804  332
50  333
62  333
68  333
260  333
261  333
262  333
317  333
508  333
590  333
686  333
894  333
28  334
96  334
261  334
611  334
638  334
147  335
510  335
514  335
526  335
653  335
654  335
655  335
764  335
104  336
416  336
15  337
691  337
744  337
844  337
192  338
647  338
792  338
923  338
30  339
208  339
323  339
830  339
592  340
603  340
105  341
147  341
597  341
598  341
764  341
770  341
834  341
945  341
72  342
155  342
308  342
329  342
590  342
633  342
649  342
855  342
1005  342
93  343
152  343
261  343
420  343
653  343
701  343
738  343
804  343
861  343
32  344
62  344
122  344
127  344
226  344
452  344
509  344
590  344
800  344
70  345
71  345
91  345
112  345
532  345
572  345
622  345
943  345
961  345
151  346
183  346
187  346
385  346
416  346
562  346
8  347
164  347
226  347
260  347
297  347
374  347
598  347
864  347
865  347
261  348
415  348
429  348
562  348
584  348
815  348
903  348
958  348
15  349
40  349
163  349
240  349
388  349
498  349
594  349
647  349
723  349
998  349
14  350
15  350
16  350
210  350
236  350
260  350
586  350
810  350
976  350
997  350
998  350
999  350
29  351
72  351
74  351
95  351
270  351
273  351
299  351
401  351
436  351
472  351
528  351
687  351
690  351
784  351
975  351
976  351
977  351
985  351
998  351
68  352
193  352
399  352
514  352
590  352
644  352
851  352
860  352
976  352
59  353
169  353
200  353
243  353
260  353
422  353
732  353
809  353
852  353
880  353
387  354
502  354
524  354
560  354
862  354
158  355
323  355
500  355
598  355
764  355
834  355
72  356
83  356
122  356
187  356
341  356
394  356
527  356
719  356
884  356
976  356
991  356
152  357
260  357
330  357
331  357
355  357
393  357
394  357
395  357
444  357
590  357
597  357
642  357
729  357
746  357
1010  357
177  358
394  358
419  358
441  358
495  358
590  358
594  358
808  358
816  358
1009  358
1010  358
1011  358
43  359
155  359
181  359
271  359
336  359
488  359
548  359
581  359
1010  359
341  360
488  360
498  360
587  360
621  360
634  360
773  360
845  360
1001  360
25  361
223  361
414  361
556  361
764  361
895  361
24  362
25  362
26  362
260  362
515  362
528  362
529  362
530  362
822  362
966  362
25  363
60  363
403  363
444  363
520  363
562  363
689  363
753  363
1014  363
67  364
196  364
241  364
315  364
652  364
691  364
727  364
4  365
55  365
255  365
310  365
688  365
700  365
745  365
851  365
16  366
341  366
438  366
472  366
486  366
631  366
895  366
919  366
933  366
17  367
137  367
228  367
525  367
676  367
698  367
722  367
843  367
108  368
287  368
341  368
362  368
484  368
692  368
773  368
114  369
228  369
238  369
261  369
799  369
844  369
981  369
53  370
384  370
579  370
598  370
768  370
24  371
241  371
667  371
728  371
777  371
833  371
906  371
29  372
37  372
179  372
229  372
403  372
777  372
837  372
1002  372
151  373
538  373
787  373
836  373
837  373
838  373
863  373
924  373
102  374
196  374
224  374
340  374
344  374
663  374
837  374
878  374
923  374
924  374
925  374
20  375
48  375
91  375
340  375
490  375
546  375
582  375
613  375
933  375
80  376
226  376
241  376
337  376
382  376
534  376
590  376
622  376
685  376
970  376
52  377
133  377
186  377
234  377
238  377
381  377
382  377
383  377
392  377
447  377
465  377
104  378
109  378
212  378
249  378
364  378
382  378
851  378
63  379
371  379
623  379
657  379
855  379
261  380
312  380
340  380
796  380
946  380
234  381
598  381
635  381
861  381
872  381
332  382
369  382
458  382
469  382
474  382
493  382
772  382
110  383
602  383
622  383
687  383
918  383
1003  383
107  384
491  384
590  384
622  384
747  384
941  384
951  384
962  384
486  385
589  385
590  385
591  385
134  386
162  386
254  386
485  386
486  386
487  386
558  386
590  386
820  386
979  386
215  387
217  387
224  387
278  387
486  387
557  387
558  387
559  387
622  387
651  387
131  388
207  388
334  388
444  388
453  388
507  388
558  388
801  388
829  388
983  388
1005  388
175  389
183  389
375  389
381  389
503  389
586  389
665  389
707  389
990  389
260  390
440  390
907  390
983  390
138  391
685  391
962  391
42  392
238  392
261  392
332  392
465  392
471  392
516  392
639  392
676  392
706  392
833  392
855  392
870  392
174  393
272  393
402  393
417  393
460  393
552  393
553  393
554  393
594  393
664  393
677  393
717  393
778  393
869  393
870  393
871  393
35  394
93  394
264  394
466  394
631  394
673  394
753  394
839  394
870  394
58  395
220  395
405  395
510  395
754  395
791  395
861  395
887  395
985  395
165  396
261  396
665  396
700  396
859  396
881  396
984  396
985  396
986  396
1007  396
19  397
255  397
291  397
622  397
785  397
985  397
245  398
377  398
442  398
524  398
598  398
636  398
714  398
543  399
622  399
796  399
545  400
554  400
608  400
87  401
90  401
544  401
545  401
546  401
569  401
678  401
758  401
850  401
918  401
23  402
471  402
545  402
621  402
622  402
628  402
674  402
855  402
16  403
50  403
58  403
141  403
198  403
228  403
253  403
332  403
366  403
417  403
829  403
949  403
52  404
117  404
312  404
371  404
408  404
564  404
908  404
362  405
1013  405
177  406
460  406
732  406
934  406
939  406
1001  406
470  407
564  407
601  407
622  407
199  408
261  408
683  408
761  408
58  409
85  409
337  409
406  409
407  409
411  409
468  409
493  409
622  409
637  409
59  410
151  410
541  410
763  410
362  411
489  411
616  411
683  411
745  411
762  411
763  411
764  411
888  411
112  412
332  412
407  412
548  412
604  412
709  412
763  412
767  412
25  413
212  413
269  413
527  413
602  413
670  413
72  414
220  414
302  414
340  414
636  414
794  414
859  414
4  415
245  415
387  415
418  415
458  415
588  415
606  415
639  415
866  415
59  416
117  416
371  416
446  416
518  416
707  416
746  416
754  416
859  416
936  416
977  416
66  417
79  417
230  417
305  417
343  417
455  417
744  417
837  417
2  418
98  418
250  418
261  418
584  418
640  418
801  418
93  419
223  419
245  419
266  419
386  419
437  419
554  419
633  419
686  419
713  419
890  419
261  420
331  420
447  420
448  420
449  420
497  420
621  420
889  420
890  420
891  420
313  421
376  421
448  421
449  421
450  421
467  421
659  421
685  421
771  421
890  421
34  422
63  422
109  422
203  422
272  422
323  422
365  422
586  422
672  422
695  422
178  423
548  423
640  423
682  423
840  423
36  424
103  424
411  424
515  424
543  424
774  424
17  425
90  425
229  425
548  425
965  425
1005  425
98  426
119  426
199  426
471  426
726  426
820  426
97  427
753  427
843  427
1005  427
116  428
380  428
447  428
714  428
876  428
877  428
1004  428
1005  428
1006  428
228  429
229  429
272  429
348  429
560  429
646  429
705  429
1005  429
1009  429
22  430
27  430
157  430
272  430
290  430
333  430
545  430
588  430
604  430
783  430
1005  430
2  431
65  431
191  431
218  431
256  431
607  431
916  431
920  431
71  432
93  432
235  432
324  432
401  432
412  432
430  432
486  432
871  432
2  433
203  433
296  433
407  433
453  433
583  433
653  433
701  433
755  433
775  433
804  433
825  433
864  433
947  433
252  434
268  434
346  434
508  434
536  434
669  434
766  434
8  435
30  435
72  435
126  435
317  435
401  435
625  435
766  435
960  435
22  436
210  436
615  436
637  436
76  437
138  437
168  437
398  437
420  437
446  437
595  437
640  437
78  438
744  438
804  438
85  439
166  439
385  439
444  439
473  439
697  439
705  439
875  439
982  439
93  440
167  440
384  440
459  440
553  440
558  440
635  440
730  440
759  440
884  440
989  440
27  441
36  441
77  441
274  441
303  441
315  441
364  441
366  441
498  441
584  441
672  441
779  441
860  441
895  441
990  441
43  442
46  442
722  442
742  442
757  442
884  442
891  442
6  443
258  443
317  443
346  443
581  443
584  443
590  443
939  443
8  444
46  444
228  444
320  444
443  444
448  444
473  444
507  444
622  444
951  444
507  445
668  445
976  445
54  446
134  446
326  446
52  447
90  447
180  447
406  447
622  447
658  447
945  447
5  448
12  448
25  448
89  448
90  448
91  448
274  448
406  448
571  448
610  448
653  448
727  448
869  448
884  448
989  448
22  449
32  449
90  449
244  449
248  449
349  449
474  449
494  449
515  449
566  449
622  449
27  450
79  450
124  450
341  450
391  450
72  451
111  451
228  451
335  451
387  451
624  451
773  451
836  451
22  452
83  452
110  452
111  452
112  452
137  452
260  452
373  452
496  452
624  452
890  452
22  453
111  453
157  453
476  453
494  453
622  453
720  453
17  454
191  454
273  454
394  454
475  454
696  455
773  455
903  455
111  456
222  456
225  456
238  456
344  456
369  456
497  456
636  456
693  456
256  457
746  457
934  457
944  457
999  457
264  458
311  458
365  458
676  458
811  458
904  458
964  458
20  459
77  459
262  459
274  459
398  459
556  459
260  460
317  460
435  460
622  460
640  460
873  460
135  461
404  461
815  461
869  461
959  461
339  462
373  462
394  462
492  462
526  462
604  462
651  462
953  462
973  462
39  463
339  463
546  463
576  463
579  463
627  463
630  463
68  464
92  464
906  464
216  465
284  465
467  465
551  465
569  465
696  465
867  465
956  465
59  466
170  466
344  466
349  466
387  466
391  466
404  466
447  466
546  466
713  466
999  466
20  467
169  467
170  467
171  467
275  467
404  467
437  467
477  467
505  467
714  467
742  467
166  468
170  468
436  468
437  468
438  468
810  468
37  469
71  469
166  469
413  469
437  469
652  469
867  469
979  469
123  470
303  470
445  470
448  470
508  470
556  470
887  470
992  470
993  470
994  470
124  471
827  471
836  471
21  472
22  472
74  472
93  472
111  472
166  472
250  472
310  472
486  472
87  473
175  473
213  473
260  473
312  473
436  473
437  473
438  473
714  473
957  473
41  474
111  474
145  474
369  474
410  474
477  474
488  474
622  474
676  474
773  474
833  474
999  474
172  475
232  475
529  475
675  475
676  475
677  475
813  475
890  475
216  476
229  476
428  476
628  476
676  476
764  476
849  476
885  476
72  477
111  477
130  477
400  477
656  477
773  477
851  477
966  477
155  478
188  478
250  478
429  478
477  478
655  478
656  478
657  478
685  478
57  479
95  479
164  479
169  479
249  479
262  479
355  479
424  479
455  479
646  479
656  479
719  479
12  480
114  480
224  480
270  480
453  480
573  480
625  480
686  480
718  480
719  480
720  480
845  480
967  480
8  481
362  481
474  481
508  481
513  481
537  481
573  481
587  481
625  481
719  481
739  481
763  481
773  481
863  481
892  481
966  481
3  482
52  482
148  482
194  482
734  482
744  482
829  482
862  482
863  482
864  482
140  483
321  483
405  483
488  483
863  483
987  483
110  484
133  484
241  484
249  484
417  484
443  484
455  484
492  484
701  484
738  484
804  484
820  484
929  484
133  485
229  485
289  485
337  485
610  485
810  485
847  485
878  485
924  485
133  486
428  486
725  486
736  486
845  486
3  487
85  487
126  487
205  487
268  487
406  487
651  487
652  487
733  487
19  488
27  488
292  488
340  488
463  488
535  488
907  488
215  489
314  489
364  489
408  489
474  489
573  489
616  489
638  489
431  490
432  490
849  490
900  490
22  491
602  491
717  491
182  492
260  492
525  492
646  492
721  492
453  493
460  493
488  493
494  493
543  493
714  493
15  494
55  494
110  494
216  494
599  494
606  494
691  494
710  494
714  494
129  495
205  495
248  495
435  495
513  495
514  495
515  495
525  495
827  495
855  495
124  496
428  496
657  496
710  496
855  496
940  496
99  497
313  497
509  497
713  497
224  498
237  498
297  498
467  498
957  498
63  499
85  499
424  499
444  499
499  499
602  499
640  499
713  499
773  499
887  499
59  500
216  500
332  500
535  500
622  500
761  500
858  500
917  500
72  501
257  501
289  501
481  501
622  501
646  501
1002  501
5  502
60  502
69  502
215  502
409  502
470  502
717  502
975  502
128  503
168  503
183  503
213  503
477  503
586  503
622  503
654  503
667  503
759  503
865  503
876  503
898  503
22  504
94  504
210  504
259  504
260  504
261  504
319  504
389  504
512  504
520  504
622  504
731  504
773  504
964  504
3  505
22  505
57  505
123  505
134  505
260  505
430  505
518  505
526  505
543  505
554  505
619  505
738  505
773  505
71  506
311  506
356  506
410  506
463  506
694  506
828  506
953  506
62  507
111  507
334  507
343  507
351  507
111  508
151  508
152  508
226  508
384  508
503  508
539  508
139  509
546  509
554  509
724  509
308  510
498  510
545  510
546  510
547  510
689  510
698  510
856  510
989  510
399  511
546  511
581  511
805  511
889  511
934  511
941  511
942  511
958  511
8  512
83  512
506  512
539  512
581  512
930  512
289  513
315  513
336  513
411  513
702  513
132  514
169  514
213  514
363  514
773  514
774  514
215  515
221  515
276  515
289  515
375  515
494  515
166  516
188  516
314  516
399  516
503  516
639  516
717  516
773  516
124  517
188  517
245  517
451  517
453  517
494  517
606  517
670  517
740  517
786  517
789  517
32  518
101  518
321  518
382  518
503  518
699  518
818  518
858  518
169  519
278  519
496  519
687  519
703  519
738  519
858  519
124  520
703  520
18  521
19  521
124  521
221  521
270  521
338  521
552  521
620  521
714  521
745  521
76  522
147  522
188  522
212  522
268  522
338  522
483  522
536  522
892  522
943  522
18  523
66  523
120  523
157  523
385  523
413  523
454  523
531  523
612  523
967  523
32  524
163  524
188  524
262  524
384  524
385  524
386  524
388  524
720  524
75  525
124  525
130  525
158  525
317  525
331  525
365  525
385  525
200  526
262  526
330  526
331  526
332  526
415  526
610  526
940  526
60  527
201  527
242  527
331  527
555  527
268  528
271  528
300  528
433  528
456  528
102  529
200  529
219  529
238  529
516  529
16  530
108  530
322  530
395  530
422  530
674  530
692  530
754  530
32  531
160  531
372  531
594  531
124  532
189  532
315  532
505  532
519  532
555  532
622  532
87  533
173  533
356  533
387  533
496  533
726  533
776  533
887  533
3  534
25  534
251  534
403  534
425  534
559  534
609  534
790  534
357  535
381  535
687  535
736  535
773  535
915  535
109  536
121  536
526  536
586  536
646  536
909  536
200  537
252  537
300  537
516  537
540  537
604  537
679  537
1014  537
58  538
369  538
493  538
558  538
804  538
810  538
856  538
36  539
83  539
133  539
259  539
368  539
369  539
370  539
485  539
553  539
687  539
704  539
1014  539
42  540
197  540
369  540
384  540
483  540
985  540
82  541
133  541
156  541
219  541
220  541
725  541
803  541
960  541
159  542
434  542
586  542
661  542
53  543
125  543
173  543
292  543
389  543
705  543
753  543
863  543
915  543
52  544
111  544
133  544
191  544
212  544
230  544
313  544
388  544
389  544
390  544
61  545
110  545
125  545
160  545
188  545
271  545
274  545
361  545
558  545
885  545
993  545
124  546
125  546
126  546
299  546
519  546
68  547
125  547
135  547
156  547
245  547
558  547
133  548
275  548
310  548
892  548
950  548
142  549
164  549
266  549
420  549
440  549
558  549
125  550
127  550
142  550
203  550
235  550
505  550
807  550
879  550
948  550
59  551
184  551
299  551
662  551
779  551
221  552
347  552
352  552
416  552
493  552
662  552
748  552
799  552
361  553
485  553
553  553
749  553
65  554
228  554
293  554
322  554
477  554
728  554
770  554
814  554
941  554
6  555
127  555
234  555
324  555
379  555
384  555
565  556
625  556
697  556
751  556
832  556
273  557
414  557
565  557
568  557
760  557
910  557
931  557
940  557
13  558
127  558
211  558
442  558
558  558
891  558
941  558
100  559
498  559
621  559
890  559
891  559
892  559
937  559
942  559
379  560
440  560
628  560
667  560
723  560
891  560
1002  560
110  561
389  561
393  561
398  561
461  561
558  561
775  561
868  561
37  562
348  562
501  562
625  562
748  562
1011  562
55  563
136  563
535  563
763  563
194  564
539  564
719  564
743  564
758  564
772  564
174  565
292  565
555  565
558  565
793  565
100  566
114  566
125  566
441  566
693  566
757  566
278  567
736  567
80  568
105  568
109  568
351  568
358  568
371  568
448  568
5  569
124  569
161  569
198  569
435  569
719  569
6  570
18  570
302  570
331  570
877  570
992  570
68  571
73  571
160  571
306  571
330  571
331  571
332  571
363  571
392  571
453  571
474  571
498  571
815  571
838  571
887  571
45  572
81  572
147  572
278  572
331  572
428  572
558  572
10  573
161  573
425  573
428  573
624  573
687  573
701  573
758  573
811  573
813  573
1000  573
13  574
133  574
319  574
415  574
615  574
865  574
1008  574
22  575
48  575
79  575
122  575
326  575
337  575
373  575
530  575
581  575
646  575
1007  575
1008  575
1009  575
51  576
296  576
376  576
456  576
558  576
562  576
635  576
1008  576
468  577
584  577
634  577
635  577
636  577
773  577
195  578
217  578
443  578
558  578
583  578
584  578
585  578
635  578
703  578
836  578
895  578
108  579
171  579
584  579
701  579
715  579
48  580
63  580
272  580
358  580
515  580
614  580
633  580
705  580
801  580
812  580
24  581
61  581
77  581
376  581
606  581
789  581
809  581
414  582
512  582
576  582
607  582
615  582
842  582
843  582
55  583
63  583
126  583
168  583
203  583
319  583
716  583
976  583
429  584
467  584
496  584
654  584
69  585
97  585
120  585
135  585
168  585
310  585
428  585
429  585
482  585
531  585
535  585
585  585
816  585
817  585
818  585
868  585
953  585
129  586
429  586
536  586
587  586
680  586
780  586
959  586
126  587
198  587
264  587
414  587
819  587
953  587
28  588
45  588
113  588
295  588
425  588
818  588
980  588
119  589
340  589
349  589
472  589
788  589
90  590
117  590
168  590
493  590
822  590
843  590
849  590
59  591
726  591
124  592
356  592
412  592
521  592
585  592
720  592
784  592
990  592
293  593
414  593
428  593
445  593
584  593
585  593
586  593
660  593
665  593
755  593
788  593
934  593
943  593
10  594
164  594
414  594
585  594
251  595
297  595
442  595
516  595
601  595
602  595
603  595
710  595
146  596
271  596
273  596
419  596
446  596
513  596
602  596
73  597
124  597
333  597
778  597
106  598
120  598
320  598
579  598
712  598
715  598
740  598
863  598
28  599
283  599
297  599
589  599
634  599
862  599
863  599
864  599
211  600
278  600
863  600
93  601
146  601
172  601
221  601
288  601
423  601
698  601
840  601
703  602
707  602
839  602
840  602
841  602
848  602
896  602
898  602
36  603
37  603
58  603
73  603
213  603
469  603
575  603
653  603
840  603
42  604
146  604
212  604
213  604
214  604
240  604
264  604
285  604
342  604
471  604
515  604
519  604
924  604
133  605
213  605
428  605
6  606
33  606
133  606
145  606
217  606
343  606
428  606
503  606
1  607
160  607
327  607
365  607
437  607
519  607
757  607
826  607
1  608
34  608
131  608
688  608
813  608
888  608
167  609
207  609
401  609
458  609
697  609
102  610
160  610
165  610
186  610
591  610
944  610
229  611
562  611
687  611
837  611
887  611
100  612
216  612
316  612
318  612
764  612
73  613
81  613
84  613
167  613
216  613
286  613
403  613
649  613
656  613
232  614
239  614
402  614
403  614
404  614
544  614
719  614
721  614
941  614
290  615
312  615
313  615
403  615
404  615
445  615
644  615
661  615
804  615
32  616
199  616
551  616
571  616
654  616
698  616
716  616
905  616
952  616
33  617
38  617
91  617
141  617
388  617
458  617
547  617
571  617
653  617
654  617
655  617
721  617
756  617
238  618
544  618
771  618
28  619
351  619
401  619
565  619
784  619
851  619
281  620
458  620
1  621
280  621
281  621
282  621
283  621
404  621
610  621
887  621
310  622
404  622
487  622
663  622
710  622
784  622
222  623
404  623
510  623
531  623
719  623
870  623
202  624
358  624
491  624
492  625
493  625
533  625
609  625
610  625
611  625
622  625
156  626
359  626
510  626
537  626
610  626
804  626
866  626
38  627
121  627
412  627
427  627
650  627
860  627
901  627
88  628
227  628
351  628
354  628
421  628
484  628
510  628
632  628
715  628
838  628
104  629
276  629
318  629
401  629
419  629
590  629
601  629
623  629
776  629
902  629
947  629
193  630
376  630
395  630
483  630
600  630
601  630
602  630
335  631
336  631
538  631
601  631
281  632
510  632
556  632
985  632
995  632
996  632
216  633
710  633
887  633
1013  633
82  634
176  634
275  634
371  634
423  634
510  634
82  635
160  635
246  635
254  635
290  635
372  635
617  635
673  635
744  635
972  635
155  636
235  636
428  636
506  636
564  636
737  636
744  636
836  636
517  637
610  637
686  637
13  638
16  638
46  638
89  638
557  638
730  638
765  638
800  638
874  638
229  639
319  639
381  639
389  639
403  639
850  639
855  639
235  640
285  640
305  640
428  640
65  641
182  641
267  641
335  641
908  641
965  641
181  642
182  642
183  642
353  642
458  642
505  642
624  642
647  642
858  642
952  642
42  643
82  643
182  643
335  643
348  643
690  643
962  643
236  644
481  644
632  644
683  644
821  644
27  645
248  645
309  645
334  645
374  645
598  645
806  645
824  645
835  645
102  646
430  646
510  646
532  646
869  646
180  647
215  647
736  647
992  647
63  648
392  648
504  648
533  648
657  648
675  648
904  648
121  649
243  649
348  649
689  649
730  649
65  650
407  650
517  650
155  651
195  651
199  651
246  651
341  651
363  651
691  651
719  651
934  651
976  651
147  652
298  652
371  652
775  652
36  653
321  653
351  653
356  653
371  653
467  653
964  653
321  654
322  654
456  654
471  654
98  655
182  655
229  655
386  655
455  655
456  655
457  655
571  655
723  655
847  655
13  656
252  656
456  656
685  656
798  656
846  656
847  656
848  656
525  657
684  657
685  657
686  657
771  657
847  657
229  658
263  658
420  658
474  658
558  658
685  658
775  658
886  658
10  659
72  659
173  659
352  659
371  659
820  659
846  659
9  660
10  660
11  660
51  660
347  660
348  660
740  660
10  661
103  661
578  661
697  661
715  661
842  661
976  661
45  662
61  662
98  662
250  662
318  662
352  662
418  662
427  662
485  662
494  662
563  662
576  662
1010  662
23  663
36  663
174  663
198  663
298  663
543  663
781  663
881  663
15  664
287  664
342  664
400  664
506  664
614  664
697  664
799  664
101  665
105  665
173  665
236  665
365  665
367  665
549  665
972  665
980  665
984  665
387  666
400  666
461  666
549  666
27  667
179  667
472  667
490  667
160  668
207  668
355  668
560  668
562  668
600  668
856  668
270  669
339  669
359  669
361  669
362  669
459  669
470  669
556  669
844  669
912  669
105  670
220  670
865  670
31  671
86  671
218  671
558  671
670  671
721  671
764  671
100  672
322  672
477  672
675  672
766  672
807  672
124  673
342  673
488  673
501  673
503  673
765  673
766  673
767  673
804  673
873  673
959  673
1008  673
205  674
287  674
340  674
445  674
78  675
128  675
205  675
596  675
795  675
13  676
173  676
237  676
240  676
498  676
544  676
569  676
912  676
914  676
160  677
239  677
429  677
455  677
657  677
845  677
967  677
43  678
123  678
309  678
560  678
646  678
720  678
960  678
186  679
422  679
720  679
151  680
173  680
184  680
453  680
751  680
947  680
31  681
279  681
108  682
323  682
555  682
767  682
42  683
80  683
123  683
295  683
663  683
843  683
850  683
872  683
114  684
436  684
444  684
584  684
620  684
915  684
193  685
615  685
773  685
921  685
962  685
123  686
173  686
182  686
192  686
193  686
309  686
380  686
832  686
18  687
49  687
193  687
380  687
381  687
590  687
720  687
43  688
77  688
78  688
184  688
227  688
364  688
1  689
13  689
19  689
60  689
69  689
77  689
330  689
384  689
417  689
688  689
777  689
798  689
961  689
1006  689
23  690
459  690
461  690
808  690
199  691
274  691
309  691
315  691
485  691
535  691
623  691
624  691
625  691
627  691
852  691
978  691
979  691
991  691
24  692
337  692
338  692
380  692
528  692
818  692
978  692
979  692
983  692
77  693
127  693
168  693
490  693
953  693
7  694
9  694
37  694
77  694
339  694
366  694
461  694
740  694
45  695
77  695
879  695
937  695
973  695
18  696
262  696
360  696
993  696
349  697
624  697
830  697
969  697
123  698
152  698
291  698
556  698
642  698
7  699
133  699
243  699
403  699
486  699
528  699
650  699
990  699
20  700
172  700
402  700
403  700
404  700
478  700
560  700
739  700
749  700
803  700
807  700
50  701
51  701
232  701
315  701
403  701
436  701
464  701
782  701
151  702
558  702
727  702
778  702
200  703
404  703
423  703
648  703
777  703
778  703
779  703
18  704
403  704
404  704
405  704
520  704
704  704
778  704
782  704
896  704
51  705
404  705
459  705
768  705
787  705
868  705
111  706
289  706
548  706
787  706
905  706
966  706
234  707
323  707
397  707
583  707
714  707
825  707
868  707
882  707
954  707
965  707
68  708
95  708
117  708
124  708
272  708
713  708
714  708
715  708
868  708
1009  708
184  709
568  709
677  709
711  709
714  709
763  709
42  710
51  710
437  710
742  710
762  710
763  710
764  710
778  710
14  711
24  711
51  711
224  711
232  711
362  711
506  711
565  711
694  711
718  711
751  711
763  711
978  711
75  712
106  712
506  712
729  712
959  712
168  713
169  713
417  713
453  713
568  713
646  713
736  713
51  714
77  714
356  714
430  714
693  714
735  714
1014  714
51  715
301  715
327  715
355  715
356  715
357  715
393  715
563  715
976  715
1013  715
1014  715
33  716
213  716
281  716
310  716
311  716
348  716
356  716
364  716
526  716
1014  716
20  717
148  717
160  717
310  717
311  717
434  717
471  717
559  717
576  717
636  717
699  717
724  717
853  717
35  718
183  718
310  718
322  718
458  718
85  720
91  720
165  720
550  720
557  720
600  720
692  720
288  721
348  721
372  721
377  721
599  721
724  721
972  721
310  722
372  722
480  722
527  722
756  722
949  722
45  723
48  723
119  723
255  723
267  723
398  723
441  723
467  723
686  723
933  723
151  724
192  724
286  724
295  724
537  724
580  724
585  724
780  724
808  724
856  724
72  725
355  725
362  725
522  725
561  725
580  725
64  726
116  726
247  726
419  726
459  726
478  726
563  726
88  727
306  727
308  727
428  727
694  727
721  727
807  727
157  728
264  728
621  728
923  728
120  729
134  729
140  729
141  729
329  729
437  729
889  729
473  730
639  730
742  730
72  731
117  731
123  731
190  731
239  731
349  731
457  731
487  731
2  732
231  732
573  732
925  732
19  733
48  733
173  733
208  733
224  733
467  733
540  733
606  733
847  733
38  734
55  734
105  734
418  734
466  734
467  734
468  734
540  734
560  734
638  734
657  734
690  734
800  734
870  734
26  735
38  735
100  735
191  735
423  735
467  735
505  735
184  736
214  736
519  736
789  736
796  736
985  736
54  737
133  737
336  737
488  737
548  737
779  737
204  738
281  738
557  738
598  738
901  738
55  739
99  739
116  739
310  739
597  739
678  739
917  739
335  740
444  740
475  740
615  740
661  740
693  740
1012  740
301  741
402  741
569  741
20  742
446  742
569  742
658  742
702  742
808  742
832  742
280  743
745  743
857  743
115  744
517  744
540  745
657  745
19  746
143  746
322  746
333  746
365  746
729  746
790  746
824  746
2  747
88  747
136  747
287  747
350  747
351  747
416  747
897  747
28  748
77  748
208  748
222  748
349  748
350  748
351  748
767  748
886  748
9  749
37  749
333  749
334  749
350  749
379  749
427  749
618  749
1012  749
64  750
71  750
492  751
508  751
919  751
945  751
205  752
224  752
261  752
271  752
280  752
405  752
507  752
508  752
509  752
648  752
846  752
883  752
940  752
28  753
69  753
77  753
219  753
508  753
585  753
189  754
586  754
80  755
331  755
393  755
466  755
613  755
12  756
95  756
242  756
298  756
12  757
145  757
831  757
569  758
660  758
712  758
750  758
838  758
853  758
28  759
76  759
80  759
295  759
582  759
583  759
689  759
838  759
1  760
192  760
352  760
564  760
620  760
674  760
727  760
788  760
999  760
47  761
260  761
512  761
933  761
390  762
704  762
53  763
120  763
184  763
625  763
940  763
336  764
491  764
779  764
858  764
905  764
31  765
141  765
272  765
448  765
814  765
271  766
272  766
273  766
285  766
373  766
459  766
466  766
935  766
203  767
272  767
377  767
429  767
470  767
579  767
706  767
923  767
924  767
61  768
64  768
235  768
267  768
344  768
448  768
455  768
64  769
163  769
280  769
314  769
449  769
472  769
498  769
539  769
818  769
4  770
80  770
469  770
525  770
526  770
527  770
667  770
776  770
859  770
867  770
1007  770
303  771
335  771
1006  771
1007  771
1008  771
375  772
516  772
594  772
709  772
961  772
966  772
1007  772
7  773
52  773
155  773
165  773
175  773
203  773
404  773
879  773
918  773
975  774
173  775
396  775
548  775
789  775
798  775
99  776
106  776
162  776
235  776
245  776
313  776
322  776
887  776
29  777
99  777
144  777
174  777
179  777
720  777
455  778
464  778
671  778
1010  778
46  779
94  779
154  779
486  779
501  779
585  779
664  779
1003  779
168  780
317  780
333  780
436  780
443  780
520  780
856  780
180  781
200  781
219  781
472  781
951  781
154  782
390  782
472  782
493  782
542  782
714  782
792  782
980  782
39  783
104  783
179  783
245  783
514  783
674  783
751  783
895  783
101  784
155  784
173  784
340  784
355  784
434  784
442  784
451  784
770  784
138  785
163  785
263  785
285  785
346  785
588  785
783  785
986  785
52  786
131  786
466  786
497  786
617  786
650  786
173  787
272  787
307  787
340  787
422  787
497  787
512  787
646  787
693  787
721  787
247  788
271  788
272  788
273  788
308  788
475  788
657  788
722  788
837  788
937  788
10  789
43  789
272  789
371  789
427  789
539  789
545  789
563  789
673  789
774  789
787  789
878  789
195  790
224  790
385  790
391  790
639  790
33  791
43  791
69  791
302  791
320  791
391  791
552  791
560  791
779  791
417  792
538  792
551  792
552  792
553  792
572  792
673  792
988  792
39  793
43  793
233  793
242  793
262  793
353  793
481  793
552  793
583  793
637  793
851  793
9  794
42  794
110  794
255  794
459  794
650  794
20  795
119  795
173  795
199  795
360  795
749  795
855  795
40  796
331  796
382  796
449  796
778  796
796  796
52  797
352  797
461  797
877  797
888  797
112  798
176  798
339  798
657  798
804  798
819  798
933  798
82  799
359  799
588  799
777  799
810  799
102  800
404  800
537  800
564  800
776  800
777  800
778  800
790  800
888  800
178  801
179  801
189  801
240  801
270  801
306  801
570  801
687  801
777  801
844  801
958  801
25  802
85  802
108  802
508  802
769  802
857  802
232  803
376  803
22  804
141  804
214  804
241  804
509  804
570  804
9  805
255  805
405  805
537  805
639  805
55  806
85  806
89  806
189  806
331  806
337  806
551  806
727  806
71  807
92  807
239  807
308  807
563  807
617  807
92  808
22  809
26  809
271  809
387  809
576  809
904  809
214  810
232  810
575  810
576  810
577  810
55  811
78  811
232  811
266  811
487  811
512  811
528  811
576  811
698  811
809  811
134  812
376  812
386  812
419  812
566  812
690  812
745  812
985  812
445  813
543  813
785  813
839  813
920  813
950  813
962  813
112  814
124  814
325  814
415  814
495  814
753  814
768  814
785  814
68  815
147  815
208  815
414  815
457  815
567  815
749  815
911  815
984  815
332  816
548  816
658  816
864  816
64  817
168  817
189  817
315  817
761  817
881  817
112  818
214  818
373  818
466  818
518  818
21  819
932  819
37  820
64  820
82  820
326  820
449  820
486  820
518  820
558  820
705  820
985  820
38  821
188  821
342  821
343  821
611  821
9  822
109  822
414  822
428  822
481  822
917  822
142  823
424  823
453  823
462  823
641  823
926  823
74  824
291  824
421  824
538  824
606  824
720  824
744  824
775  824
998  824
30  825
41  825
160  825
308  825
353  825
799  825
1011  825
25  826
141  826
189  826
253  826
367  826
490  826
538  826
566  826
574  826
775  826
27  827
208  827
332  827
436  827
492  827
522  827
538  827
565  827
567  827
882  827
110  828
333  828
443  828
459  828
490  828
566  828
728  828
918  828
936  828
997  828
59  829
138  829
257  829
356  829
359  829
684  829
714  829
849  829
91  830
131  830
211  830
256  830
257  830
258  830
259  830
606  830
681  830
257  831
326  831
332  831
449  831
827  831
943  831
961  831
59  832
174  832
213  832
214  832
308  832
332  832
414  832
557  832
571  832
690  832
9  833
174  833
279  833
438  833
538  833
715  833
790  833
942  833
138  834
213  834
488  834
538  834
575  834
757  834
773  834
830  834
186  835
289  835
468  835
478  835
531  835
602  835
650  835
693  835
714  835
956  835
38  836
269  836
308  836
332  836
530  836
531  836
532  836
22  837
168  837
414  837
522  837
524  837
531  837
624  837
721  837
355  838
417  838
509  838
961  838
40  839
53  839
62  839
68  839
119  839
424  839
550  839
656  839
882  839
986  839
1006  839
1013  839
224  840
353  840
618  840
642  840
720  840
95  841
103  841
136  841
276  841
449  841
498  841
638  841
670  841
848  841
854  841
1006  841
760  842
308  843
527  843
893  843
897  843
986  843
47  844
76  844
242  844
289  844
612  844
672  844
752  844
986  844
290  845
476  845
488  845
511  845
636  845
711  845
155  846
189  846
232  846
247  846
427  846
504  846
554  846
665  846
692  846
986  846
71  847
155  847
191  847
319  847
454  847
564  847
812  847
855  847
899  847
985  847
986  847
147  848
544  848
746  848
754  848
121  849
146  849
147  849
148  849
191  849
203  849
560  849
603  849
760  849
147  850
155  850
187  850
278  850
292  850
412  850
466  850
760  850
848  850
868  850
986  850
79  851
196  851
464  851
552  851
603  851
605  851
617  851
622  851
665  851
47  852
157  852
198  852
363  852
447  852
509  852
540  852
11  853
79  853
255  853
264  853
299  853
977  853
64  854
206  854
453  854
155  855
279  855
384  855
797  855
39  856
155  856
449  856
490  856
874  856
43  857
242  857
332  857
363  857
434  857
571  857
639  857
760  857
811  857
861  857
893  857
35  858
43  858
117  858
170  858
326  858
350  858
834  858
31  859
119  859
252  859
512  859
554  859
601  859
672  859
813  859
944  859
263  860
316  860
369  860
443  860
558  860
625  860
672  860
9  861
138  861
229  861
233  861
434  861
581  861
667  861
672  861
758  861
778  861
73  862
110  862
237  862
322  862
490  862
572  862
711  862
931  862
84  863
189  863
252  863
280  863
318  863
378  863
544  863
546  863
708  863
712  863
913  863
39  864
138  864
238  864
265  864
384  864
542  864
571  864
789  864
906  864
916  864
158  865
287  865
401  865
462  865
485  865
825  865
85  866
200  866
510  866
608  866
756  866
851  866
187  867
217  867
220  867
689  867
837  867
43  868
216  868
720  868
126  869
236  869
469  869
516  869
622  869
57  870
64  870
81  870
403  870
461  870
603  870
654  870
793  870
952  870
63  871
373  871
700  871
864  871
962  871
93  872
572  872
608  872
757  872
758  872
853  872
884  872
36  873
84  873
152  873
350  873
353  873
388  873
459  873
511  873
673  873
757  873
856  873
871  873
919  873
102  874
378  874
415  874
442  874
489  874
490  874
533  874
542  874
775  874
9  875
98  875
216  875
239  875
283  875
329  875
408  875
424  875
494  875
606  875
772  875
929  875
1004  875
292  876
391  876
437  876
546  876
890  876
1000  876
245  877
479  877
761  877
1003  877
23  878
78  878
122  878
253  878
301  878
333  878
424  878
454  878
471  878
490  878
220  879
304  879
454  879
465  879
923  879
990  879
316  880
424  880
461  880
533  880
624  880
647  880
283  881
369  881
447  881
555  881
743  881
744  881
855  881
868  881
98  882
191  882
217  882
326  882
432  882
462  882
465  882
533  882
572  882
776  882
900  882
952  882
175  883
433  883
454  883
468  883
709  883
111  884
177  884
547  884
562  884
660  884
718  884
845  884
899  884
2  885
42  885
63  885
180  885
253  885
441  885
495  885
735  885
1  886
320  886
399  886
555  886
603  886
719  886
871  886
986  886
389  887
542  887
815  887
831  887
982  887
983  887
2  888
130  888
675  888
700  888
1002  888
217  889
274  889
310  889
472  889
543  889
592  889
639  889
795  889
130  890
142  890
206  890
414  890
600  890
5  891
56  891
176  891
264  891
272  891
317  891
416  891
449  891
537  891
737  891
25  892
227  892
317  892
345  892
419  892
440  892
549  892
693  892
768  892
807  892
60  893
145  893
147  893
317  893
440  893
491  893
517  893
584  893
731  893
818  893
963  893
966  893
57  894
112  894
122  894
263  894
378  894
438  894
621  894
683  894
841  894
897  894
73  895
152  895
211  895
255  895
331  895
440  895
594  895
807  895
142  896
162  896
578  896
1  897
28  897
72  897
73  897
142  897
153  897
218  897
246  897
363  897
432  897
523  897
130  898
164  898
403  898
523  898
552  898
716  898
250  899
268  899
327  899
331  899
568  899
651  899
707  899
976  899
51  900
78  900
198  900
362  900
625  900
937  900
186  901
227  901
285  901
452  901
936  901
937  901
938  901
205  902
231  902
342  902
538  902
747  902
937  902
538  903
905  903
63  904
294  904
365  904
408  904
419  904
685  904
705  904
159  905
426  905
572  905
606  905
623  905
700  905
989  905
17  906
155  906
421  906
523  906
651  906
921  906
963  906
2  907
32  907
258  907
328  907
332  907
818  907
898  907
2  908
79  908
359  908
669  908
908  908
25  909
51  909
178  909
294  909
380  909
592  909
705  909
43  910
55  910
157  910
246  910
370  910
491  910
628  910
671  910
736  910
900  910
147  911
367  911
369  911
370  911
371  911
428  911
497  911
533  911
857  911
69  912
75  912
78  912
100  912
103  912
118  912
183  912
184  912
289  912
292  912
366  912
370  912
514  912
523  912
788  912
932  912
963  912
141  913
147  913
219  913
220  913
306  913
326  913
331  913
359  913
394  913
443  913
446  913
515  913
554  913
590  913
744  913
854  913
925  913
155  914
394  914
395  914
79  915
317  915
318  915
538  915
582  915
590  915
612  915
647  915
39  916
91  916
92  916
141  916
192  916
246  916
658  916
850  916
913  916
355  917
900  917
905  917
73  918
255  918
256  918
262  918
494  918
585  918
247  919
595  919
903  919
931  919
70  920
78  920
88  920
164  920
228  920
721  920
902  920
903  920
904  920
419  921
464  921
903  921
1000  921
9  922
87  922
120  922
254  922
795  922
58  923
78  923
174  923
275  923
349  923
350  923
351  923
438  923
464  923
639  923
656  923
846  923
921  923
84  924
236  924
484  924
571  924
22  925
78  925
186  925
284  925
334  925
382  925
458  925
570  925
571  925
572  925
616  925
683  925
39  926
134  926
236  926
320  926
468  926
481  926
571  926
715  926
754  926
880  926
989  926
28  927
239  927
449  927
450  927
451  927
75  928
264  928
301  928
330  928
475  928
618  928
739  928
772  928
802  928
973  928
39  929
191  929
284  929
322  929
463  929
523  929
648  929
654  929
699  929
179  930
236  930
374  930
484  930
555  930
572  930
837  930
121  931
145  931
244  931
373  931
374  931
375  931
863  931
865  931
78  932
114  932
141  932
148  932
237  932
337  932
374  932
497  932
634  932
741  932
38  933
39  933
114  933
115  933
246  933
408  933
486  933
794  933
819  933
829  933
900  933
12  934
52  934
236  934
452  934
518  934
870  934
948  934
10  935
347  935
416  935
429  935
760  935
38  936
42  936
166  936
215  936
275  936
449  936
590  936
752  936
39  937
192  937
281  937
477  937
483  937
621  937
749  937
486  938
677  938
730  938
792  938
855  938
998  938
118  939
192  939
226  939
259  939
291  939
477  939
649  939
708  939
838  939
900  939
914  939
23  940
38  940
39  940
146  940
228  940
282  940
370  940
402  940
430  940
458  940
477  940
486  940
502  940
734  940
752  940
755  940
888  940
899  940
900  940
901  940
38  941
104  941
162  941
210  941
263  941
281  941
622  941
654  941
900  941
49  942
151  942
153  942
206  942
246  943
632  943
20  944
58  944
166  944
354  944
418  944
426  944
486  944
609  944
690  944
855  944
110  945
168  945
281  945
335  945
392  945
555  945
575  945
593  945
635  945
791  945
990  945
1003  945
12  946
44  946
167  946
168  946
169  946
206  946
220  946
240  946
389  946
391  946
392  946
393  946
444  946
634  946
635  946
636  946
912  946
1002  946
1003  946
1004  946
42  947
168  947
206  947
392  947
476  947
635  947
915  947
1003  947
64  948
117  948
327  948
59  949
149  949
166  949
190  949
294  949
341  949
476  949
660  949
57  950
105  950
171  950
184  950
441  950
453  950
670  950
58  951
105  951
166  951
350  951
110  952
184  952
244  952
263  952
407  952
440  952
639  952
731  952
986  952
105  953
108  953
263  953
363  953
440  953
509  953
544  953
669  953
693  953
710  953
956  953
986  953
45  954
110  954
288  954
370  954
434  954
669  954
749  954
752  954
14  955
20  955
67  955
154  955
168  955
360  955
544  955
942  955
957  955
20  956
148  956
187  956
209  956
380  956
393  956
440  956
544  956
570  956
669  956
938  956
963  956
83  957
379  957
380  957
381  957
393  957
616  957
749  957
888  957
971  957
16  958
158  958
168  958
191  958
215  958
253  958
275  958
324  958
380  958
407  958
426  958
534  958
583  958
693  958
24  959
141  959
191  959
263  959
519  959
533  959
534  959
535  959
855  959
1002  959
38  960
284  960
334  960
396  960
761  960
943  960
1007  960
38  961
129  961
215  961
440  961
534  961
596  961
710  961
878  961
40  962
215  962
263  962
878  962
902  962
950  962
963  962
129  963
166  963
242  963
366  963
544  963
260  964
315  964
424  964
529  964
573  964
52  965
203  965
515  965
519  965
888  965
58  966
85  966
173  966
484  966
605  966
623  966
170  967
333  967
392  967
524  967
541  967
547  967
564  967
660  967
786  967
857  967
1009  967
35  968
366  968
562  968
563  968
564  968
565  968
569  968
613  968
672  968
813  968
972  968
350  969
375  969
500  969
564  969
570  969
660  969
744  969
807  969
826  969
66  970
191  970
225  970
343  970
419  970
626  970
637  970
707  970
796  970
939  970
963  970
8  971
115  971
180  971
217  971
325  971
543  971
598  971
680  971
803  971
865  971
881  971
963  971
17  972
55  972
114  972
115  972
116  972
504  972
115  973
179  973
534  973
792  973
825  973
909  973
11  974
88  974
122  974
326  974
377  974
385  974
448  974
542  974
720  974
774  974
963  974
114  975
170  975
351  975
533  975
621  975
35  976
38  976
44  976
190  976
203  976
362  976
382  976
415  976
456  976
546  976
1  977
309  977
352  977
414  977
415  977
572  977
751  977
753  977
794  977
795  977
157  978
305  978
415  978
431  978
433  978
523  978
531  978
863  978
963  978
965  978
21  979
214  979
263  979
302  979
322  979
456  979
681  979
297  980
352  980
366  980
388  980
598  980
758  980
911  980
2  981
87  981
190  981
433  981
544  981
573  981
574  981
575  981
598  981
963  981
990  981
245  982
295  982
296  982
513  982
902  982
963  982
358  983
693  983
694  983
1  984
2  984
322  984
346  984
415  984
542  984
737  984
906  984
963  984
998  984
2  985
178  985
334  985
401  985
523  985
869  985
1  986
118  986
166  986
169  986
280  986
447  986
501  986
511  986
523  986
840  986
174  987
178  987
245  987
443  987
501  987
538  987
621  987
627  987
694  987
804  987
4  988
21  988
100  988
183  988
296  988
302  988
318  988
469  988
621  988
693  988
749  988
944  988
3  989
210  989
281  989
295  989
296  989
297  989
329  989
424  989
554  989
684  989
964  989
51  990
274  990
296  990
415  990
491  990
492  990
534  990
934  990
963  990
1013  990
1  991
283  991
498  991
516  991
570  991
694  991
827  991
933  991
3  992
4  992
21  992
98  992
239  992
292  992
433  992
578  992
652  992
739  992
885  992
978  992
979  992
1012  992
3  993
4  993
6  993
25  993
108  993
432  993
452  993
461  993
643  993
918  993
978  993
985  993
987  993
2  994
4  994
8  994
23  994
24  994
25  994
26  994
55  994
91  994
103  994
107  994
108  994
109  994
245  994
420  994
542  994
561  994
977  994
978  994
979  994
980  994
981  994
982  994
985  994
986  994
987  994
3  995
5  995
6  995
22  995
23  995
24  995
108  995
264  995
302  995
303  995
306  995
458  995
474  995
508  995
559  995
598  995
737  995
875  995
963  995
977  995
978  995
979  995
981  995
985  995
987  995
1011  995
1013  995
1014  995
1  996
6  996
9  996
23  996
24  996
25  996
26  996
27  996
30  996
53  996
133  996
306  996
397  996
402  996
420  996
421  996
672  996
841  996
978  996
979  996
980  996
983  996
984  996
985  996
986  996
987  996
988  996
2  997
3  997
7  997
22  997
23  997
24  997
25  997
27  997
28  997
29  997
67  997
133  997
171  997
339  997
416  997
447  997
485  997
495  997
540  997
599  997
732  997
920  997
935  997
936  997
984  997
985  997
986  997
1014  997
2  998
3  998
7  998
9  998
10  998
23  998
24  998
26  998
38  998
169  998
423  998
485  998
532  998
576  998
595  998
625  998
856  998
959  998
963  998
985  998
1005  998
1006  998
1009  998
1010  998
1011  998
1012  998
8  999
9  999
15  999
18  999
24  999
26  999
133  999
313  999
420  999
461  999
471  999
485  999
571  999
608  999
686  999
737  999
1013  999
1014  999
6  1000
8  1000
9  1000
17  1000
18  1000
25  1000
67  1000
107  1000
126  1000
245  1000
292  1000
355  1000
420  1000
467  1000
474  1000
479  1000
510  1000
528  1000
542  1000
571  1000
758  1000
1009  1000
6  1001
8  1001
9  1001
10  1001
19  1001
125  1001
126  1001
127  1001
131  1001
133  1001
413  1001
445  1001
484  1001
526  1001
527  1001
528  1001
529  1001
584  1001
792  1001
1014  1001
1  1002
9  1002
10  1002
13  1002
14  1002
16  1002
18  1002
33  1002
126  1002
133  1002
138  1002
292  1002
335  1002
413  1002
415  1002
432  1002
433  1002
451  1002
462  1002
464  1002
469  1002
492  1002
526  1002
528  1002
1007  1002
1008  1002
1009  1002
1011  1002
4  1003
10  1003
19  1003
304  1003
310  1003
369  1003
423  1003
437  1003
443  1003
450  1003
451  1003
465  1003
481  1003
482  1003
512  1003
598  1003
613  1003
906  1003
952  1003
1007  1003
1010  1003
1011  1003
1012  1003
1014  1003
6  1004
7  1004
8  1004
10  1004
12  1004
108  1004
149  1004
293  1004
347  1004
395  1004
413  1004
417  1004
427  1004
431  1004
433  1004
436  1004
437  1004
447  1004
449  1004
455  1004
461  1004
464  1004
468  1004
479  1004
482  1004
485  1004
539  1004
561  1004
598  1004
612  1004
613  1004
614  1004
880  1004
906  1004
1008  1004
1010  1004
1011  1004
1012  1004
1013  1004
1014  1004
7  1005
8  1005
9  1005
12  1005
14  1005
15  1005
16  1005
18  1005
20  1005
53  1005
67  1005
90  1005
127  1005
133  1005
273  1005
415  1005
422  1005
423  1005
435  1005
438  1005
441  1005
443  1005
447  1005
449  1005
450  1005
481  1005
485  1005
496  1005
526  1005
613  1005
707  1005
822  1005
837  1005
893  1005
906  1005
1006  1005
1008  1005
2  1006
3  1006
9  1006
10  1006
11  1006
16  1006
17  1006
19  1006
293  1006
423  1006
431  1006
437  1006
444  1006
445  1006
448  1006
450  1006
456  1006
457  1006
459  1006
465  1006
471  1006
473  1006
477  1006
479  1006
481  1006
485  1006
489  1006
497  1006
515  1006
626  1006
781  1006
959  1006
1001  1006
1006  1006
1008  1006
1013  1006
5  1007
17  1007
79  1007
107  1007
293  1007
322  1007
409  1007
419  1007
421  1007
430  1007
433  1007
434  1007
435  1007
446  1007
447  1007
450  1007
452  1007
453  1007
455  1007
459  1007
460  1007
465  1007
466  1007
468  1007
469  1007
470  1007
471  1007
472  1007
473  1007
474  1007
484  1007
485  1007
486  1007
489  1007
496  1007
497  1007
499  1007
501  1007
502  1007
509  1007
768  1007
780  1007
781  1007
782  1007
821  1007
1000  1007
1009  1007
3  1008
12  1008
14  1008
16  1008
17  1008
18  1008
19  1008
52  1008
161  1008
202  1008
293  1008
400  1008
413  1008
414  1008
415  1008
420  1008
426  1008
430  1008
431  1008
433  1008
436  1008
437  1008
438  1008
439  1008
440  1008
441  1008
443  1008
445  1008
448  1008
450  1008
451  1008
454  1008
455  1008
457  1008
460  1008
461  1008
462  1008
463  1008
465  1008
466  1008
467  1008
468  1008
469  1008
475  1008
476  1008
480  1008
485  1008
488  1008
497  1008
499  1008
502  1008
503  1008
506  1008
509  1008
512  1008
530  1008
534  1008
569  1008
622  1008
651  1008
781  1008
812  1008
995  1008
999  1008
1006  1008
1011  1008
1013  1008
4  1009
7  1009
17  1009
18  1009
19  1009
25  1009
27  1009
264  1009
297  1009
408  1009
413  1009
415  1009
417  1009
418  1009
421  1009
424  1009
425  1009
426  1009
427  1009
428  1009
431  1009
434  1009
439  1009
441  1009
444  1009
445  1009
447  1009
448  1009
452  1009
453  1009
454  1009
460  1009
462  1009
465  1009
466  1009
467  1009
468  1009
469  1009
474  1009
476  1009
478  1009
479  1009
480  1009
482  1009
483  1009
485  1009
487  1009
488  1009
491  1009
496  1009
497  1009
498  1009
499  1009
503  1009
509  1009
550  1009
878  1009
879  1009
880  1009
939  1009
998  1009
1012  1009
6  1010
8  1010
11  1010
14  1010
16  1010
18  1010
19  1010
20  1010
23  1010
25  1010
28  1010
133  1010
206  1010
228  1010
373  1010
379  1010
396  1010
397  1010
401  1010
413  1010
415  1010
416  1010
417  1010
418  1010
421  1010
424  1010
425  1010
426  1010
430  1010
431  1010
432  1010
435  1010
436  1010
437  1010
440  1010
441  1010
444  1010
445  1010
447  1010
448  1010
449  1010
451  1010
452  1010
453  1010
454  1010
457  1010
459  1010
461  1010
462  1010
463  1010
464  1010
466  1010
471  1010
472  1010
474  1010
475  1010
476  1010
477  1010
478  1010
479  1010
480  1010
483  1010
485  1010
486  1010
487  1010
489  1010
493  1010
494  1010
495  1010
496  1010
497  1010
498  1010
504  1010
507  1010
509  1010
511  1010
512  1010
514  1010
518  1010
519  1010
521  1010
531  1010
533  1010
537  1010
574  1010
792  1010
879  1010
996  1010
997  1010
998  1010
1001  1010
1003  1010
1004  1010
1014  1010
6  1011
10  1011
11  1011
12  1011
13  1011
17  1011
18  1011
20  1011
23  1011
24  1011
28  1011
195  1011
248  1011
249  1011
267  1011
279  1011
380  1011
398  1011
401  1011
402  1011
406  1011
409  1011
417  1011
420  1011
423  1011
424  1011
425  1011
427  1011
428  1011
429  1011
430  1011
432  1011
434  1011
436  1011
439  1011
441  1011
447  1011
449  1011
450  1011
451  1011
453  1011
454  1011
457  1011
459  1011
460  1011
464  1011
465  1011
467  1011
468  1011
469  1011
470  1011
471  1011
472  1011
474  1011
475  1011
478  1011
479  1011
482  1011
483  1011
486  1011
487  1011
488  1011
490  1011
494  1011
495  1011
501  1011
503  1011
504  1011
505  1011
507  1011
509  1011
513  1011
514  1011
515  1011
519  1011
520  1011
521  1011
522  1011
523  1011
532  1011
534  1011
538  1011
557  1011
574  1011
692  1011
744  1011
791  1011
930  1011
931  1011
932  1011
1005  1011
1008  1011
1009  1011
1011  1011
1013  1011
4  1012
5  1012
8  1012
9  1012
10  1012
14  1012
15  1012
20  1012
21  1012
22  1012
26  1012
145  1012
146  1012
147  1012
324  1012
351  1012
371  1012
383  1012
387  1012
390  1012
397  1012
401  1012
402  1012
403  1012
405  1012
406  1012
408  1012
422  1012
423  1012
424  1012
425  1012
426  1012
427  1012
428  1012
430  1012
431  1012
432  1012
433  1012
435  1012
442  1012
443  1012
444  1012
445  1012
446  1012
447  1012
448  1012
449  1012
450  1012
451  1012
452  1012
453  1012
454  1012
455  1012
457  1012
459  1012
460  1012
461  1012
464  1012
467  1012
468  1012
469  1012
471  1012
472  1012
473  1012
474  1012
475  1012
477  1012
478  1012
479  1012
483  1012
485  1012
486  1012
487  1012
492  1012
493  1012
497  1012
498  1012
501  1012
502  1012
505  1012
506  1012
509  1012
513  1012
514  1012
517  1012
519  1012
524  1012
525  1012
528  1012
532  1012
534  1012
541  1012
545  1012
551  1012
554  1012
556  1012
557  1012
558  1012
564  1012
568  1012
579  1012
582  1012
636  1012
640  1012
655  1012
682  1012
696  1012
715  1012
931  1012
993  1012
995  1012
996  1012
998  1012
999  1012
1010  1012
1011  1012
9  1013
12  1013
13  1013
16  1013
19  1013
20  1013
21  1013
22  1013
24  1013
25  1013
27  1013
31  1013
33  1013
34  1013
35  1013
72  1013
156  1013
381  1013
384  1013
386  1013
391  1013
394  1013
397  1013
398  1013
400  1013
401  1013
405  1013
410  1013
411  1013
412  1013
413  1013
414  1013
415  1013
417  1013
420  1013
421  1013
422  1013
423  1013
424  1013
425  1013
426  1013
427  1013
428  1013
431  1013
432  1013
433  1013
434  1013
435  1013
437  1013
438  1013
439  1013
440  1013
441  1013
442  1013
446  1013
453  1013
454  1013
455  1013
456  1013
459  1013
460  1013
461  1013
462  1013
467  1013
475  1013
476  1013
482  1013
484  1013
485  1013
486  1013
487  1013
488  1013
489  1013
490  1013
491  1013
492  1013
493  1013
494  1013
497  1013
501  1013
502  1013
503  1013
505  1013
506  1013
507  1013
508  1013
509  1013
510  1013
512  1013
513  1013
519  1013
520  1013
521  1013
522  1013
523  1013
527  1013
528  1013
532  1013
536  1013
540  1013
557  1013
565  1013
566  1013
569  1013
605  1013
639  1013
640  1013
641  1013
992  1013
995  1013
996  1013
997  1013
5  1014
13  1014
19  1014
22  1014
23  1014
24  1014
25  1014
31  1014
41  1014
155  1014
156  1014
157  1014
170  1014
320  1014
362  1014
379  1014
380  1014
391  1014
394  1014
396  1014
397  1014
402  1014
403  1014
406  1014
407  1014
409  1014
411  1014
412  1014
420  1014
421  1014
423  1014
425  1014
426  1014
428  1014
432  1014
433  1014
434  1014
437  1014
438  1014
440  1014
441  1014
446  1014
447  1014
450  1014
451  1014
453  1014
454  1014
455  1014
460  1014
461  1014
464  1014
465  1014
467  1014
468  1014
469  1014
470  1014
474  1014
475  1014
476  1014
477  1014
478  1014
479  1014
482  1014
485  1014
486  1014
488  1014
489  1014
490  1014
491  1014
492  1014
494  1014
495  1014
497  1014
498  1014
500  1014
501  1014
503  1014
505  1014
506  1014
507  1014
508  1014
509  1014
510  1014
511  1014
513  1014
516  1014
517  1014
518  1014
519  1014
520  1014
521  1014
522  1014
525  1014
527  1014
528  1014
529  1014
531  1014
536  1014
557  1014
559  1014
565  1014
569  1014
573  1014
606  1014
616  1014
626  1014
640  1014
807  1014
996  1014
997  1014
998  1014
1001  1014
1006  1014
1008  1014
